0.1401
0.142
0.143
0.144
0.1445
0.1445
0.145
0.145
0.1455
0.146
0.146
0.146
0.1465
0.1465
0.1465
0.147
0.147
0.147
0.147
0.1475
0.1475
0.1475
0.1475
0.1475
0.148
0.148
0.148
0.148
0.148
0.148
0.1485
0.1485
0.1485
0.1485
0.1485
0.1485
0.1485
0.149
0.149
0.149
0.149
0.149
0.149
0.149
0.149
0.149
0.1495
0.1495
0.1495
0.1495
0.1495
0.1495
0.1495
0.1495
0.1495
0.15
0.15
0.15
0.15
0.15
0.15
0.15
0.15
0.15
0.15
0.1505
0.1505
0.1505
0.1505
0.1505
0.1505
0.1505
0.1505
0.1505
0.1505
0.1505
0.1505
0.151
0.151
0.151
0.151
0.151
0.151
0.151
0.151
0.151
0.151
0.151
0.151
0.151
0.151
0.151
0.1515
0.1515
0.1515
0.1515
0.1515
0.1515
0.1515
0.1515
0.1515
0.1515
0.1515
0.1515
0.1515
0.1515
0.1515
0.1515
0.1515
0.1521
0.1521
0.1521
0.1521
0.1521
0.1521
0.1521
0.1521
0.1521
0.1521
0.1521
0.1521
0.1521
0.1521
0.1521
0.1521
0.1521
0.1521
0.1526
0.1526
0.1526
0.1526
0.1526
0.1526
0.1526
0.1526
0.1526
0.1526
0.1526
0.1526
0.1526
0.1526
0.1526
0.1526
0.1526
0.1526
0.1526
0.1526
0.1526
0.1526
0.1526
0.1526
0.1526
0.1526
0.1531
0.1531
0.1531
0.1531
0.1531
0.1531
0.1531
0.1531
0.1531
0.1531
0.1531
0.1531
0.1531
0.1531
0.1531
0.1531
0.1531
0.1531
0.1531
0.1531
0.1531
0.1531
0.1531
0.1531
0.1531
0.1531
0.1531
0.1531
0.1536
0.1536
0.1536
0.1536
0.1536
0.1536
0.1536
0.1536
0.1536
0.1536
0.1536
0.1536
0.1536
0.1536
0.1536
0.1536
0.1536
0.1536
0.1536
0.1536
0.1536
0.1536
0.1536
0.1536
0.1536
0.1536
0.1536
0.1536
0.1536
0.1536
0.1536
0.1536
0.1536
0.1536
0.1536
0.1541
0.1541
0.1541
0.1541
0.1541
0.1541
0.1541
0.1541
0.1541
0.1541
0.1541
0.1541
0.1541
0.1541
0.1541
0.1541
0.1541
0.1541
0.1541
0.1541
0.1541
0.1541
0.1541
0.1541
0.1541
0.1541
0.1541
0.1541
0.1541
0.1541
0.1541
0.1541
0.1541
0.1541
0.1541
0.1541
0.1541
0.1546
0.1546
0.1546
0.1546
0.1546
0.1546
0.1546
0.1546
0.1546
0.1546
0.1546
0.1546
0.1546
0.1546
0.1546
0.1546
0.1546
0.1546
0.1546
0.1546
0.1546
0.1546
0.1546
0.1546
0.1546
0.1546
0.1546
0.1546
0.1546
0.1546
0.1546
0.1546
0.1546
0.1546
0.1546
0.1546
0.1546
0.1546
0.1546
0.1546
0.1546
0.1551
0.1551
0.1551
0.1551
0.1551
0.1551
0.1551
0.1551
0.1551
0.1551
0.1551
0.1551
0.1551
0.1551
0.1551
0.1551
0.1551
0.1551
0.1551
0.1551
0.1551
0.1551
0.1551
0.1551
0.1551
0.1551
0.1551
0.1551
0.1551
0.1551
0.1551
0.1551
0.1551
0.1551
0.1551
0.1551
0.1551
0.1551
0.1551
0.1551
0.1551
0.1551
0.1556
0.1556
0.1556
0.1556
0.1556
0.1556
0.1556
0.1556
0.1556
0.1556
0.1556
0.1556
0.1556
0.1556
0.1556
0.1556
0.1556
0.1556
0.1556
0.1556
0.1556
0.1556
0.1556
0.1556
0.1556
0.1556
0.1556
0.1556
0.1556
0.1556
0.1556
0.1556
0.1556
0.1556
0.1556
0.1556
0.1556
0.1556
0.1556
0.1556
0.1556
0.1556
0.1561
0.1561
0.1561
0.1561
0.1561
0.1561
0.1561
0.1561
0.1561
0.1561
0.1561
0.1561
0.1561
0.1561
0.1561
0.1561
0.1561
0.1561
0.1561
0.1561
0.1561
0.1561
0.1561
0.1561
0.1561
0.1561
0.1561
0.1561
0.1561
0.1561
0.1561
0.1561
0.1561
0.1561
0.1561
0.1561
0.1561
0.1561
0.1561
0.1561
0.1561
0.1561
0.1561
0.1561
0.1561
0.1561
0.1566
0.1566
0.1566
0.1566
0.1566
0.1566
0.1566
0.1566
0.1566
0.1566
0.1566
0.1566
0.1566
0.1566
0.1566
0.1566
0.1566
0.1566
0.1566
0.1566
0.1566
0.1566
0.1566
0.1566
0.1566
0.1566
0.1566
0.1566
0.1566
0.1566
0.1566
0.1566
0.1566
0.1566
0.1566
0.1566
0.1566
0.1566
0.1566
0.1566
0.1566
0.1566
0.1566
0.1566
0.1566
0.1566
0.1566
0.1566
0.1566
0.1566
0.1566
0.1566
0.1571
0.1571
0.1571
0.1571
0.1571
0.1571
0.1571
0.1571
0.1571
0.1571
0.1571
0.1571
0.1571
0.1571
0.1571
0.1571
0.1571
0.1571
0.1571
0.1571
0.1571
0.1571
0.1571
0.1571
0.1571
0.1571
0.1571
0.1571
0.1571
0.1571
0.1571
0.1571
0.1571
0.1571
0.1571
0.1571
0.1571
0.1571
0.1571
0.1571
0.1571
0.1571
0.1571
0.1571
0.1571
0.1571
0.1571
0.1571
0.1571
0.1571
0.1576
0.1576
0.1576
0.1576
0.1576
0.1576
0.1576
0.1576
0.1576
0.1576
0.1576
0.1576
0.1576
0.1576
0.1576
0.1576
0.1576
0.1576
0.1576
0.1576
0.1576
0.1576
0.1576
0.1576
0.1576
0.1576
0.1576
0.1576
0.1576
0.1576
0.1576
0.1576
0.1576
0.1576
0.1576
0.1576
0.1576
0.1576
0.1576
0.1576
0.1576
0.1576
0.1576
0.1576
0.1576
0.1576
0.1576
0.1576
0.1576
0.1581
0.1581
0.1581
0.1581
0.1581
0.1581
0.1581
0.1581
0.1581
0.1581
0.1581
0.1581
0.1581
0.1581
0.1581
0.1581
0.1581
0.1581
0.1581
0.1581
0.1581
0.1581
0.1581
0.1581
0.1581
0.1581
0.1581
0.1581
0.1581
0.1581
0.1581
0.1581
0.1581
0.1581
0.1581
0.1581
0.1581
0.1581
0.1581
0.1581
0.1581
0.1581
0.1581
0.1581
0.1581
0.1581
0.1581
0.1581
0.1581
0.1581
0.1581
0.1581
0.1581
0.1581
0.1581
0.1586
0.1586
0.1586
0.1586
0.1586
0.1586
0.1586
0.1586
0.1586
0.1586
0.1586
0.1586
0.1586
0.1586
0.1586
0.1586
0.1586
0.1586
0.1586
0.1586
0.1586
0.1586
0.1586
0.1586
0.1586
0.1586
0.1586
0.1586
0.1586
0.1586
0.1586
0.1586
0.1586
0.1586
0.1586
0.1586
0.1586
0.1586
0.1586
0.1586
0.1586
0.1586
0.1586
0.1586
0.1586
0.1586
0.1586
0.1586
0.1586
0.1586
0.1586
0.1586
0.1586
0.1586
0.1586
0.1586
0.1586
0.1586
0.1586
0.1586
0.1586
0.1586
0.1591
0.1591
0.1591
0.1591
0.1591
0.1591
0.1591
0.1591
0.1591
0.1591
0.1591
0.1591
0.1591
0.1591
0.1591
0.1591
0.1591
0.1591
0.1591
0.1591
0.1591
0.1591
0.1591
0.1591
0.1591
0.1591
0.1591
0.1591
0.1591
0.1591
0.1591
0.1591
0.1591
0.1591
0.1591
0.1591
0.1591
0.1591
0.1591
0.1591
0.1591
0.1591
0.1591
0.1591
0.1591
0.1591
0.1591
0.1591
0.1591
0.1591
0.1591
0.1591
0.1591
0.1591
0.1591
0.1591
0.1591
0.1591
0.1591
0.1591
0.1591
0.1591
0.1591
0.1591
0.1591
0.1591
0.1591
0.1591
0.1591
0.1591
0.1591
0.1591
0.1596
0.1596
0.1596
0.1596
0.1596
0.1596
0.1596
0.1596
0.1596
0.1596
0.1596
0.1596
0.1596
0.1596
0.1596
0.1596
0.1596
0.1596
0.1596
0.1596
0.1596
0.1596
0.1596
0.1596
0.1596
0.1596
0.1596
0.1596
0.1596
0.1596
0.1596
0.1596
0.1596
0.1596
0.1596
0.1596
0.1596
0.1596
0.1596
0.1596
0.1596
0.1596
0.1596
0.1596
0.1596
0.1596
0.1596
0.1596
0.1596
0.1596
0.1596
0.1596
0.1596
0.1596
0.1596
0.1596
0.1596
0.1596
0.1596
0.1596
0.1596
0.1596
0.1596
0.1596
0.1596
0.1596
0.1596
0.1596
0.1596
0.1596
0.1596
0.1596
0.1596
0.1596
0.1596
0.1596
0.1596
0.1601
0.1601
0.1601
0.1601
0.1601
0.1601
0.1601
0.1601
0.1601
0.1601
0.1601
0.1601
0.1601
0.1601
0.1601
0.1601
0.1601
0.1601
0.1601
0.1601
0.1601
0.1601
0.1601
0.1601
0.1601
0.1601
0.1601
0.1601
0.1601
0.1601
0.1601
0.1601
0.1601
0.1601
0.1601
0.1601
0.1601
0.1601
0.1601
0.1601
0.1601
0.1601
0.1601
0.1601
0.1601
0.1601
0.1601
0.1601
0.1601
0.1601
0.1601
0.1601
0.1601
0.1601
0.1601
0.1601
0.1601
0.1601
0.1601
0.1601
0.1601
0.1601
0.1601
0.1601
0.1601
0.1601
0.1601
0.1601
0.1601
0.1601
0.1601
0.1601
0.1601
0.1601
0.1601
0.1601
0.1601
0.1601
0.1601
0.1601
0.1601
0.1601
0.1601
0.1601
0.1601
0.1601
0.1601
0.1606
0.1606
0.1606
0.1606
0.1606
0.1606
0.1606
0.1606
0.1606
0.1606
0.1606
0.1606
0.1606
0.1606
0.1606
0.1606
0.1606
0.1606
0.1606
0.1606
0.1606
0.1606
0.1606
0.1606
0.1606
0.1606
0.1606
0.1606
0.1606
0.1606
0.1606
0.1606
0.1606
0.1606
0.1606
0.1606
0.1606
0.1606
0.1606
0.1606
0.1606
0.1606
0.1606
0.1606
0.1606
0.1606
0.1606
0.1606
0.1606
0.1606
0.1606
0.1606
0.1606
0.1606
0.1606
0.1606
0.1606
0.1606
0.1606
0.1606
0.1606
0.1606
0.1606
0.1606
0.1606
0.1606
0.1606
0.1606
0.1606
0.1606
0.1606
0.1606
0.1606
0.1606
0.1606
0.1606
0.1606
0.1606
0.1606
0.1606
0.1606
0.1606
0.1606
0.1606
0.1606
0.1606
0.1606
0.1606
0.1606
0.1606
0.1606
0.1606
0.1606
0.1606
0.1606
0.1606
0.1611
0.1611
0.1611
0.1611
0.1611
0.1611
0.1611
0.1611
0.1611
0.1611
0.1611
0.1611
0.1611
0.1611
0.1611
0.1611
0.1611
0.1611
0.1611
0.1611
0.1611
0.1611
0.1611
0.1611
0.1611
0.1611
0.1611
0.1611
0.1611
0.1611
0.1611
0.1611
0.1611
0.1611
0.1611
0.1611
0.1611
0.1611
0.1611
0.1611
0.1611
0.1611
0.1611
0.1611
0.1611
0.1611
0.1611
0.1611
0.1611
0.1611
0.1611
0.1611
0.1611
0.1611
0.1611
0.1611
0.1611
0.1611
0.1611
0.1611
0.1611
0.1611
0.1611
0.1611
0.1611
0.1611
0.1611
0.1611
0.1611
0.1611
0.1611
0.1611
0.1611
0.1611
0.1611
0.1611
0.1611
0.1611
0.1611
0.1611
0.1611
0.1611
0.1611
0.1611
0.1611
0.1611
0.1611
0.1611
0.1611
0.1611
0.1611
0.1611
0.1611
0.1611
0.1611
0.1611
0.1611
0.1611
0.1611
0.1611
0.1616
0.1616
0.1616
0.1616
0.1616
0.1616
0.1616
0.1616
0.1616
0.1616
0.1616
0.1616
0.1616
0.1616
0.1616
0.1616
0.1616
0.1616
0.1616
0.1616
0.1616
0.1616
0.1616
0.1616
0.1616
0.1616
0.1616
0.1616
0.1616
0.1616
0.1616
0.1616
0.1616
0.1616
0.1616
0.1616
0.1616
0.1616
0.1616
0.1616
0.1616
0.1616
0.1616
0.1616
0.1616
0.1616
0.1616
0.1616
0.1616
0.1616
0.1616
0.1616
0.1616
0.1616
0.1616
0.1616
0.1616
0.1616
0.1616
0.1616
0.1616
0.1616
0.1616
0.1616
0.1616
0.1616
0.1616
0.1616
0.1616
0.1616
0.1616
0.1616
0.1616
0.1616
0.1616
0.1616
0.1616
0.1616
0.1616
0.1616
0.1616
0.1616
0.1616
0.1616
0.1616
0.1616
0.1616
0.1616
0.1616
0.1616
0.1616
0.1616
0.1616
0.1616
0.1616
0.1616
0.1616
0.1616
0.1616
0.1616
0.1616
0.1616
0.1616
0.1616
0.1616
0.1616
0.1621
0.1621
0.1621
0.1621
0.1621
0.1621
0.1621
0.1621
0.1621
0.1621
0.1621
0.1621
0.1621
0.1621
0.1621
0.1621
0.1621
0.1621
0.1621
0.1621
0.1621
0.1621
0.1621
0.1621
0.1621
0.1621
0.1621
0.1621
0.1621
0.1621
0.1621
0.1621
0.1621
0.1621
0.1621
0.1621
0.1621
0.1621
0.1621
0.1621
0.1621
0.1621
0.1621
0.1621
0.1621
0.1621
0.1621
0.1621
0.1621
0.1621
0.1621
0.1621
0.1621
0.1621
0.1621
0.1621
0.1621
0.1621
0.1621
0.1621
0.1621
0.1621
0.1621
0.1621
0.1621
0.1621
0.1621
0.1621
0.1621
0.1621
0.1621
0.1621
0.1621
0.1621
0.1621
0.1621
0.1621
0.1621
0.1621
0.1621
0.1621
0.1621
0.1621
0.1621
0.1621
0.1621
0.1621
0.1621
0.1621
0.1621
0.1621
0.1621
0.1621
0.1621
0.1621
0.1621
0.1621
0.1621
0.1621
0.1621
0.1621
0.1621
0.1621
0.1621
0.1621
0.1621
0.1621
0.1621
0.1621
0.1621
0.1621
0.1621
0.1626
0.1626
0.1626
0.1626
0.1626
0.1626
0.1626
0.1626
0.1626
0.1626
0.1626
0.1626
0.1626
0.1626
0.1626
0.1626
0.1626
0.1626
0.1626
0.1626
0.1626
0.1626
0.1626
0.1626
0.1626
0.1626
0.1626
0.1626
0.1626
0.1626
0.1626
0.1626
0.1626
0.1626
0.1626
0.1626
0.1626
0.1626
0.1626
0.1626
0.1626
0.1626
0.1626
0.1626
0.1626
0.1626
0.1626
0.1626
0.1626
0.1626
0.1626
0.1626
0.1626
0.1626
0.1626
0.1626
0.1626
0.1626
0.1626
0.1626
0.1626
0.1626
0.1626
0.1626
0.1626
0.1626
0.1626
0.1626
0.1626
0.1626
0.1626
0.1626
0.1626
0.1626
0.1626
0.1626
0.1626
0.1626
0.1626
0.1626
0.1626
0.1626
0.1626
0.1626
0.1626
0.1626
0.1626
0.1626
0.1626
0.1626
0.1626
0.1626
0.1626
0.1626
0.1626
0.1626
0.1626
0.1626
0.1626
0.1626
0.1626
0.1626
0.1626
0.1626
0.1626
0.1626
0.1626
0.1626
0.1631
0.1631
0.1631
0.1631
0.1631
0.1631
0.1631
0.1631
0.1631
0.1631
0.1631
0.1631
0.1631
0.1631
0.1631
0.1631
0.1631
0.1631
0.1631
0.1631
0.1631
0.1631
0.1631
0.1631
0.1631
0.1631
0.1631
0.1631
0.1631
0.1631
0.1631
0.1631
0.1631
0.1631
0.1631
0.1631
0.1631
0.1631
0.1631
0.1631
0.1631
0.1631
0.1631
0.1631
0.1631
0.1631
0.1631
0.1631
0.1631
0.1631
0.1631
0.1631
0.1631
0.1631
0.1631
0.1631
0.1631
0.1631
0.1631
0.1631
0.1631
0.1631
0.1631
0.1631
0.1631
0.1631
0.1631
0.1631
0.1631
0.1631
0.1631
0.1631
0.1631
0.1631
0.1631
0.1631
0.1631
0.1631
0.1631
0.1631
0.1631
0.1631
0.1631
0.1631
0.1631
0.1631
0.1631
0.1631
0.1631
0.1631
0.1631
0.1631
0.1631
0.1631
0.1631
0.1631
0.1631
0.1631
0.1631
0.1631
0.1631
0.1631
0.1631
0.1631
0.1631
0.1631
0.1631
0.1636
0.1636
0.1636
0.1636
0.1636
0.1636
0.1636
0.1636
0.1636
0.1636
0.1636
0.1636
0.1636
0.1636
0.1636
0.1636
0.1636
0.1636
0.1636
0.1636
0.1636
0.1636
0.1636
0.1636
0.1636
0.1636
0.1636
0.1636
0.1636
0.1636
0.1636
0.1636
0.1636
0.1636
0.1636
0.1636
0.1636
0.1636
0.1636
0.1636
0.1636
0.1636
0.1636
0.1636
0.1636
0.1636
0.1636
0.1636
0.1636
0.1636
0.1636
0.1636
0.1636
0.1636
0.1636
0.1636
0.1636
0.1636
0.1636
0.1636
0.1636
0.1636
0.1636
0.1636
0.1636
0.1636
0.1636
0.1636
0.1636
0.1636
0.1636
0.1636
0.1636
0.1636
0.1636
0.1636
0.1636
0.1636
0.1636
0.1636
0.1636
0.1636
0.1636
0.1636
0.1636
0.1636
0.1636
0.1636
0.1636
0.1636
0.1636
0.1636
0.1636
0.1636
0.1636
0.1636
0.1636
0.1636
0.1636
0.1636
0.1636
0.1636
0.1636
0.1636
0.1636
0.1636
0.1636
0.1636
0.1636
0.1641
0.1641
0.1641
0.1641
0.1641
0.1641
0.1641
0.1641
0.1641
0.1641
0.1641
0.1641
0.1641
0.1641
0.1641
0.1641
0.1641
0.1641
0.1641
0.1641
0.1641
0.1641
0.1641
0.1641
0.1641
0.1641
0.1641
0.1641
0.1641
0.1641
0.1641
0.1641
0.1641
0.1641
0.1641
0.1641
0.1641
0.1641
0.1641
0.1641
0.1641
0.1641
0.1641
0.1641
0.1641
0.1641
0.1641
0.1641
0.1641
0.1641
0.1641
0.1641
0.1641
0.1641
0.1641
0.1641
0.1641
0.1641
0.1641
0.1641
0.1641
0.1641
0.1641
0.1641
0.1641
0.1641
0.1641
0.1641
0.1641
0.1641
0.1641
0.1641
0.1641
0.1641
0.1641
0.1641
0.1641
0.1641
0.1641
0.1641
0.1641
0.1641
0.1641
0.1641
0.1641
0.1641
0.1641
0.1641
0.1641
0.1641
0.1641
0.1641
0.1641
0.1641
0.1641
0.1641
0.1641
0.1641
0.1641
0.1641
0.1641
0.1646
0.1646
0.1646
0.1646
0.1646
0.1646
0.1646
0.1646
0.1646
0.1646
0.1646
0.1646
0.1646
0.1646
0.1646
0.1646
0.1646
0.1646
0.1646
0.1646
0.1646
0.1646
0.1646
0.1646
0.1646
0.1646
0.1646
0.1646
0.1646
0.1646
0.1646
0.1646
0.1646
0.1646
0.1646
0.1646
0.1646
0.1646
0.1646
0.1646
0.1646
0.1646
0.1646
0.1646
0.1646
0.1646
0.1646
0.1646
0.1646
0.1646
0.1646
0.1646
0.1646
0.1646
0.1646
0.1646
0.1646
0.1646
0.1646
0.1646
0.1646
0.1646
0.1646
0.1646
0.1646
0.1646
0.1646
0.1646
0.1646
0.1646
0.1646
0.1646
0.1646
0.1646
0.1646
0.1646
0.1646
0.1646
0.1646
0.1646
0.1646
0.1646
0.1646
0.1646
0.1646
0.1646
0.1646
0.1646
0.1646
0.1646
0.1646
0.1646
0.1646
0.1646
0.1646
0.1646
0.1646
0.1646
0.1646
0.1646
0.1646
0.1646
0.1646
0.1646
0.1646
0.1646
0.1646
0.1651
0.1651
0.1651
0.1651
0.1651
0.1651
0.1651
0.1651
0.1651
0.1651
0.1651
0.1651
0.1651
0.1651
0.1651
0.1651
0.1651
0.1651
0.1651
0.1651
0.1651
0.1651
0.1651
0.1651
0.1651
0.1651
0.1651
0.1651
0.1651
0.1651
0.1651
0.1651
0.1651
0.1651
0.1651
0.1651
0.1651
0.1651
0.1651
0.1651
0.1651
0.1651
0.1651
0.1651
0.1651
0.1651
0.1651
0.1651
0.1651
0.1651
0.1651
0.1651
0.1651
0.1651
0.1651
0.1651
0.1651
0.1651
0.1651
0.1651
0.1651
0.1651
0.1651
0.1651
0.1651
0.1651
0.1651
0.1651
0.1651
0.1651
0.1651
0.1651
0.1651
0.1651
0.1651
0.1651
0.1651
0.1651
0.1651
0.1651
0.1651
0.1651
0.1651
0.1651
0.1651
0.1651
0.1651
0.1651
0.1651
0.1651
0.1651
0.1651
0.1651
0.1651
0.1651
0.1651
0.1651
0.1651
0.1651
0.1651
0.1651
0.1651
0.1651
0.1651
0.1651
0.1656
0.1656
0.1656
0.1656
0.1656
0.1656
0.1656
0.1656
0.1656
0.1656
0.1656
0.1656
0.1656
0.1656
0.1656
0.1656
0.1656
0.1656
0.1656
0.1656
0.1656
0.1656
0.1656
0.1656
0.1656
0.1656
0.1656
0.1656
0.1656
0.1656
0.1656
0.1656
0.1656
0.1656
0.1656
0.1656
0.1656
0.1656
0.1656
0.1656
0.1656
0.1656
0.1656
0.1656
0.1656
0.1656
0.1656
0.1656
0.1656
0.1656
0.1656
0.1656
0.1656
0.1656
0.1656
0.1656
0.1656
0.1656
0.1656
0.1656
0.1656
0.1656
0.1656
0.1656
0.1656
0.1656
0.1656
0.1656
0.1656
0.1656
0.1656
0.1656
0.1656
0.1656
0.1656
0.1656
0.1656
0.1656
0.1656
0.1656
0.1656
0.1656
0.1656
0.1656
0.1656
0.1656
0.1656
0.1656
0.1656
0.1656
0.1656
0.1656
0.1656
0.1656
0.1656
0.1656
0.1656
0.1656
0.1656
0.1656
0.1656
0.1656
0.1656
0.1656
0.1656
0.1656
0.1656
0.1656
0.1661
0.1661
0.1661
0.1661
0.1661
0.1661
0.1661
0.1661
0.1661
0.1661
0.1661
0.1661
0.1661
0.1661
0.1661
0.1661
0.1661
0.1661
0.1661
0.1661
0.1661
0.1661
0.1661
0.1661
0.1661
0.1661
0.1661
0.1661
0.1661
0.1661
0.1661
0.1661
0.1661
0.1661
0.1661
0.1661
0.1661
0.1661
0.1661
0.1661
0.1661
0.1661
0.1661
0.1661
0.1661
0.1661
0.1661
0.1661
0.1661
0.1661
0.1661
0.1661
0.1661
0.1661
0.1661
0.1661
0.1661
0.1661
0.1661
0.1661
0.1661
0.1661
0.1661
0.1661
0.1661
0.1661
0.1661
0.1661
0.1661
0.1661
0.1661
0.1661
0.1661
0.1661
0.1661
0.1661
0.1661
0.1661
0.1661
0.1661
0.1661
0.1661
0.1661
0.1661
0.1661
0.1661
0.1661
0.1661
0.1661
0.1661
0.1661
0.1661
0.1661
0.1661
0.1661
0.1661
0.1661
0.1661
0.1661
0.1661
0.1661
0.1661
0.1661
0.1661
0.1661
0.1661
0.1661
0.1661
0.1661
0.1661
0.1661
0.1666
0.1666
0.1666
0.1666
0.1666
0.1666
0.1666
0.1666
0.1666
0.1666
0.1666
0.1666
0.1666
0.1666
0.1666
0.1666
0.1666
0.1666
0.1666
0.1666
0.1666
0.1666
0.1666
0.1666
0.1666
0.1666
0.1666
0.1666
0.1666
0.1666
0.1666
0.1666
0.1666
0.1666
0.1666
0.1666
0.1666
0.1666
0.1666
0.1666
0.1666
0.1666
0.1666
0.1666
0.1666
0.1666
0.1666
0.1666
0.1666
0.1666
0.1666
0.1666
0.1666
0.1666
0.1666
0.1666
0.1666
0.1666
0.1666
0.1666
0.1666
0.1666
0.1666
0.1666
0.1666
0.1666
0.1666
0.1666
0.1666
0.1666
0.1666
0.1666
0.1666
0.1666
0.1666
0.1666
0.1666
0.1666
0.1666
0.1666
0.1666
0.1666
0.1666
0.1666
0.1666
0.1666
0.1666
0.1666
0.1666
0.1666
0.1666
0.1666
0.1666
0.1666
0.1666
0.1666
0.1666
0.1666
0.1666
0.1666
0.1666
0.1666
0.1666
0.1666
0.1666
0.1666
0.1666
0.1666
0.1666
0.1666
0.1666
0.1666
0.1666
0.1666
0.1666
0.1666
0.1666
0.1666
0.1666
0.1666
0.1666
0.1671
0.1671
0.1671
0.1671
0.1671
0.1671
0.1671
0.1671
0.1671
0.1671
0.1671
0.1671
0.1671
0.1671
0.1671
0.1671
0.1671
0.1671
0.1671
0.1671
0.1671
0.1671
0.1671
0.1671
0.1671
0.1671
0.1671
0.1671
0.1671
0.1671
0.1671
0.1671
0.1671
0.1671
0.1671
0.1671
0.1671
0.1671
0.1671
0.1671
0.1671
0.1671
0.1671
0.1671
0.1671
0.1671
0.1671
0.1671
0.1671
0.1671
0.1671
0.1671
0.1671
0.1671
0.1671
0.1671
0.1671
0.1671
0.1671
0.1671
0.1671
0.1671
0.1671
0.1671
0.1671
0.1671
0.1671
0.1671
0.1671
0.1671
0.1671
0.1671
0.1671
0.1671
0.1671
0.1671
0.1671
0.1671
0.1671
0.1671
0.1671
0.1671
0.1671
0.1671
0.1671
0.1671
0.1671
0.1671
0.1671
0.1671
0.1671
0.1671
0.1671
0.1671
0.1671
0.1671
0.1671
0.1671
0.1671
0.1671
0.1671
0.1671
0.1671
0.1671
0.1671
0.1671
0.1671
0.1671
0.1671
0.1671
0.1671
0.1671
0.1671
0.1671
0.1671
0.1671
0.1671
0.1671
0.1671
0.1671
0.1671
0.1671
0.1671
0.1671
0.1671
0.1671
0.1671
0.1671
0.1676
0.1676
0.1676
0.1676
0.1676
0.1676
0.1676
0.1676
0.1676
0.1676
0.1676
0.1676
0.1676
0.1676
0.1676
0.1676
0.1676
0.1676
0.1676
0.1676
0.1676
0.1676
0.1676
0.1676
0.1676
0.1676
0.1676
0.1676
0.1676
0.1676
0.1676
0.1676
0.1676
0.1676
0.1676
0.1676
0.1676
0.1676
0.1676
0.1676
0.1676
0.1676
0.1676
0.1676
0.1676
0.1676
0.1676
0.1676
0.1676
0.1676
0.1676
0.1676
0.1676
0.1676
0.1676
0.1676
0.1676
0.1676
0.1676
0.1676
0.1676
0.1676
0.1676
0.1676
0.1676
0.1676
0.1676
0.1676
0.1676
0.1676
0.1676
0.1676
0.1676
0.1676
0.1676
0.1676
0.1676
0.1676
0.1676
0.1676
0.1676
0.1676
0.1676
0.1676
0.1676
0.1676
0.1676
0.1676
0.1676
0.1676
0.1676
0.1676
0.1676
0.1676
0.1676
0.1676
0.1676
0.1676
0.1676
0.1676
0.1676
0.1676
0.1676
0.1676
0.1676
0.1676
0.1676
0.1676
0.1676
0.1676
0.1676
0.1676
0.1676
0.1676
0.1676
0.1676
0.1676
0.1676
0.1676
0.1676
0.1676
0.1676
0.1676
0.1676
0.1676
0.1676
0.1676
0.1676
0.1676
0.1676
0.1681
0.1681
0.1681
0.1681
0.1681
0.1681
0.1681
0.1681
0.1681
0.1681
0.1681
0.1681
0.1681
0.1681
0.1681
0.1681
0.1681
0.1681
0.1681
0.1681
0.1681
0.1681
0.1681
0.1681
0.1681
0.1681
0.1681
0.1681
0.1681
0.1681
0.1681
0.1681
0.1681
0.1681
0.1681
0.1681
0.1681
0.1681
0.1681
0.1681
0.1681
0.1681
0.1681
0.1681
0.1681
0.1681
0.1681
0.1681
0.1681
0.1681
0.1681
0.1681
0.1681
0.1681
0.1681
0.1681
0.1681
0.1681
0.1681
0.1681
0.1681
0.1681
0.1681
0.1681
0.1681
0.1681
0.1681
0.1681
0.1681
0.1681
0.1681
0.1681
0.1681
0.1681
0.1681
0.1681
0.1681
0.1681
0.1681
0.1681
0.1681
0.1681
0.1681
0.1681
0.1681
0.1681
0.1681
0.1681
0.1681
0.1681
0.1681
0.1681
0.1681
0.1681
0.1681
0.1681
0.1681
0.1681
0.1681
0.1681
0.1681
0.1681
0.1681
0.1681
0.1681
0.1681
0.1681
0.1681
0.1681
0.1681
0.1681
0.1681
0.1681
0.1681
0.1681
0.1681
0.1681
0.1681
0.1681
0.1681
0.1681
0.1681
0.1681
0.1681
0.1681
0.1681
0.1681
0.1681
0.1681
0.1681
0.1681
0.1681
0.1681
0.1681
0.1681
0.1681
0.1681
0.1681
0.1681
0.1681
0.1686
0.1686
0.1686
0.1686
0.1686
0.1686
0.1686
0.1686
0.1686
0.1686
0.1686
0.1686
0.1686
0.1686
0.1686
0.1686
0.1686
0.1686
0.1686
0.1686
0.1686
0.1686
0.1686
0.1686
0.1686
0.1686
0.1686
0.1686
0.1686
0.1686
0.1686
0.1686
0.1686
0.1686
0.1686
0.1686
0.1686
0.1686
0.1686
0.1686
0.1686
0.1686
0.1686
0.1686
0.1686
0.1686
0.1686
0.1686
0.1686
0.1686
0.1686
0.1686
0.1686
0.1686
0.1686
0.1686
0.1686
0.1686
0.1686
0.1686
0.1686
0.1686
0.1686
0.1686
0.1686
0.1686
0.1686
0.1686
0.1686
0.1686
0.1686
0.1686
0.1686
0.1686
0.1686
0.1686
0.1686
0.1686
0.1686
0.1686
0.1686
0.1686
0.1686
0.1686
0.1686
0.1686
0.1686
0.1686
0.1686
0.1686
0.1686
0.1686
0.1686
0.1686
0.1686
0.1686
0.1686
0.1686
0.1686
0.1686
0.1686
0.1686
0.1686
0.1686
0.1686
0.1686
0.1686
0.1686
0.1686
0.1686
0.1686
0.1686
0.1686
0.1686
0.1686
0.1686
0.1686
0.1686
0.1686
0.1686
0.1686
0.1686
0.1686
0.1686
0.1686
0.1686
0.1686
0.1686
0.1686
0.1686
0.1686
0.1686
0.1686
0.1686
0.1686
0.1686
0.1686
0.1686
0.1686
0.1686
0.1686
0.1686
0.1686
0.1686
0.1686
0.1686
0.1686
0.1686
0.1686
0.1686
0.1686
0.1686
0.1686
0.1686
0.1686
0.1691
0.1691
0.1691
0.1691
0.1691
0.1691
0.1691
0.1691
0.1691
0.1691
0.1691
0.1691
0.1691
0.1691
0.1691
0.1691
0.1691
0.1691
0.1691
0.1691
0.1691
0.1691
0.1691
0.1691
0.1691
0.1691
0.1691
0.1691
0.1691
0.1691
0.1691
0.1691
0.1691
0.1691
0.1691
0.1691
0.1691
0.1691
0.1691
0.1691
0.1691
0.1691
0.1691
0.1691
0.1691
0.1691
0.1691
0.1691
0.1691
0.1691
0.1691
0.1691
0.1691
0.1691
0.1691
0.1691
0.1691
0.1691
0.1691
0.1691
0.1691
0.1691
0.1691
0.1691
0.1691
0.1691
0.1691
0.1691
0.1691
0.1691
0.1691
0.1691
0.1691
0.1691
0.1691
0.1691
0.1691
0.1691
0.1691
0.1691
0.1691
0.1691
0.1691
0.1691
0.1691
0.1691
0.1691
0.1691
0.1691
0.1691
0.1691
0.1691
0.1691
0.1691
0.1691
0.1691
0.1691
0.1691
0.1691
0.1691
0.1691
0.1691
0.1691
0.1691
0.1691
0.1691
0.1691
0.1691
0.1691
0.1691
0.1691
0.1691
0.1691
0.1691
0.1691
0.1691
0.1691
0.1691
0.1691
0.1691
0.1691
0.1691
0.1691
0.1691
0.1691
0.1691
0.1691
0.1691
0.1691
0.1691
0.1691
0.1691
0.1691
0.1691
0.1691
0.1691
0.1691
0.1691
0.1691
0.1691
0.1691
0.1696
0.1696
0.1696
0.1696
0.1696
0.1696
0.1696
0.1696
0.1696
0.1696
0.1696
0.1696
0.1696
0.1696
0.1696
0.1696
0.1696
0.1696
0.1696
0.1696
0.1696
0.1696
0.1696
0.1696
0.1696
0.1696
0.1696
0.1696
0.1696
0.1696
0.1696
0.1696
0.1696
0.1696
0.1696
0.1696
0.1696
0.1696
0.1696
0.1696
0.1696
0.1696
0.1696
0.1696
0.1696
0.1696
0.1696
0.1696
0.1696
0.1696
0.1696
0.1696
0.1696
0.1696
0.1696
0.1696
0.1696
0.1696
0.1696
0.1696
0.1696
0.1696
0.1696
0.1696
0.1696
0.1696
0.1696
0.1696
0.1696
0.1696
0.1696
0.1696
0.1696
0.1696
0.1696
0.1696
0.1696
0.1696
0.1696
0.1696
0.1696
0.1696
0.1696
0.1696
0.1696
0.1696
0.1696
0.1696
0.1696
0.1696
0.1696
0.1696
0.1696
0.1696
0.1696
0.1696
0.1696
0.1696
0.1696
0.1696
0.1696
0.1696
0.1696
0.1696
0.1696
0.1696
0.1696
0.1696
0.1696
0.1696
0.1696
0.1696
0.1696
0.1696
0.1696
0.1696
0.1696
0.1696
0.1696
0.1696
0.1696
0.1696
0.1696
0.1696
0.1696
0.1696
0.1696
0.1696
0.1696
0.1696
0.1696
0.1696
0.1696
0.1696
0.1696
0.1696
0.1696
0.1696
0.1696
0.1696
0.1696
0.1696
0.1696
0.1696
0.1696
0.1696
0.1696
0.1696
0.1696
0.1696
0.1696
0.1696
0.1701
0.1701
0.1701
0.1701
0.1701
0.1701
0.1701
0.1701
0.1701
0.1701
0.1701
0.1701
0.1701
0.1701
0.1701
0.1701
0.1701
0.1701
0.1701
0.1701
0.1701
0.1701
0.1701
0.1701
0.1701
0.1701
0.1701
0.1701
0.1701
0.1701
0.1701
0.1701
0.1701
0.1701
0.1701
0.1701
0.1701
0.1701
0.1701
0.1701
0.1701
0.1701
0.1701
0.1701
0.1701
0.1701
0.1701
0.1701
0.1701
0.1701
0.1701
0.1701
0.1701
0.1701
0.1701
0.1701
0.1701
0.1701
0.1701
0.1701
0.1701
0.1701
0.1701
0.1701
0.1701
0.1701
0.1701
0.1701
0.1701
0.1701
0.1701
0.1701
0.1701
0.1701
0.1701
0.1701
0.1701
0.1701
0.1701
0.1701
0.1701
0.1701
0.1701
0.1701
0.1701
0.1701
0.1701
0.1701
0.1701
0.1701
0.1701
0.1701
0.1701
0.1701
0.1701
0.1701
0.1701
0.1701
0.1701
0.1701
0.1701
0.1701
0.1701
0.1701
0.1701
0.1701
0.1701
0.1701
0.1701
0.1701
0.1701
0.1701
0.1701
0.1701
0.1701
0.1701
0.1701
0.1701
0.1701
0.1701
0.1701
0.1701
0.1701
0.1701
0.1701
0.1701
0.1701
0.1701
0.1701
0.1701
0.1701
0.1701
0.1701
0.1701
0.1701
0.1701
0.1701
0.1701
0.1701
0.1701
0.1701
0.1701
0.1701
0.1701
0.1701
0.1701
0.1701
0.1701
0.1701
0.1701
0.1701
0.1701
0.1701
0.1706
0.1706
0.1706
0.1706
0.1706
0.1706
0.1706
0.1706
0.1706
0.1706
0.1706
0.1706
0.1706
0.1706
0.1706
0.1706
0.1706
0.1706
0.1706
0.1706
0.1706
0.1706
0.1706
0.1706
0.1706
0.1706
0.1706
0.1706
0.1706
0.1706
0.1706
0.1706
0.1706
0.1706
0.1706
0.1706
0.1706
0.1706
0.1706
0.1706
0.1706
0.1706
0.1706
0.1706
0.1706
0.1706
0.1706
0.1706
0.1706
0.1706
0.1706
0.1706
0.1706
0.1706
0.1706
0.1706
0.1706
0.1706
0.1706
0.1706
0.1706
0.1706
0.1706
0.1706
0.1706
0.1706
0.1706
0.1706
0.1706
0.1706
0.1706
0.1706
0.1706
0.1706
0.1706
0.1706
0.1706
0.1706
0.1706
0.1706
0.1706
0.1706
0.1706
0.1706
0.1706
0.1706
0.1706
0.1706
0.1706
0.1706
0.1706
0.1706
0.1706
0.1706
0.1706
0.1706
0.1706
0.1706
0.1706
0.1706
0.1706
0.1706
0.1706
0.1706
0.1706
0.1706
0.1706
0.1706
0.1706
0.1706
0.1706
0.1706
0.1706
0.1706
0.1706
0.1706
0.1706
0.1706
0.1706
0.1706
0.1706
0.1706
0.1706
0.1706
0.1706
0.1706
0.1706
0.1706
0.1706
0.1706
0.1706
0.1706
0.1706
0.1706
0.1706
0.1706
0.1706
0.1706
0.1706
0.1706
0.1706
0.1706
0.1706
0.1706
0.1706
0.1706
0.1706
0.1706
0.1706
0.1706
0.1706
0.1711
0.1711
0.1711
0.1711
0.1711
0.1711
0.1711
0.1711
0.1711
0.1711
0.1711
0.1711
0.1711
0.1711
0.1711
0.1711
0.1711
0.1711
0.1711
0.1711
0.1711
0.1711
0.1711
0.1711
0.1711
0.1711
0.1711
0.1711
0.1711
0.1711
0.1711
0.1711
0.1711
0.1711
0.1711
0.1711
0.1711
0.1711
0.1711
0.1711
0.1711
0.1711
0.1711
0.1711
0.1711
0.1711
0.1711
0.1711
0.1711
0.1711
0.1711
0.1711
0.1711
0.1711
0.1711
0.1711
0.1711
0.1711
0.1711
0.1711
0.1711
0.1711
0.1711
0.1711
0.1711
0.1711
0.1711
0.1711
0.1711
0.1711
0.1711
0.1711
0.1711
0.1711
0.1711
0.1711
0.1711
0.1711
0.1711
0.1711
0.1711
0.1711
0.1711
0.1711
0.1711
0.1711
0.1711
0.1711
0.1711
0.1711
0.1711
0.1711
0.1711
0.1711
0.1711
0.1711
0.1711
0.1711
0.1711
0.1711
0.1711
0.1711
0.1711
0.1711
0.1711
0.1711
0.1711
0.1711
0.1711
0.1711
0.1711
0.1711
0.1711
0.1711
0.1711
0.1711
0.1711
0.1711
0.1711
0.1711
0.1711
0.1711
0.1711
0.1711
0.1711
0.1711
0.1711
0.1711
0.1711
0.1711
0.1711
0.1711
0.1711
0.1711
0.1711
0.1711
0.1711
0.1716
0.1716
0.1716
0.1716
0.1716
0.1716
0.1716
0.1716
0.1716
0.1716
0.1716
0.1716
0.1716
0.1716
0.1716
0.1716
0.1716
0.1716
0.1716
0.1716
0.1716
0.1716
0.1716
0.1716
0.1716
0.1716
0.1716
0.1716
0.1716
0.1716
0.1716
0.1716
0.1716
0.1716
0.1716
0.1716
0.1716
0.1716
0.1716
0.1716
0.1716
0.1716
0.1716
0.1716
0.1716
0.1716
0.1716
0.1716
0.1716
0.1716
0.1716
0.1716
0.1716
0.1716
0.1716
0.1716
0.1716
0.1716
0.1716
0.1716
0.1716
0.1716
0.1716
0.1716
0.1716
0.1716
0.1716
0.1716
0.1716
0.1716
0.1716
0.1716
0.1716
0.1716
0.1716
0.1716
0.1716
0.1716
0.1716
0.1716
0.1716
0.1716
0.1716
0.1716
0.1716
0.1716
0.1716
0.1716
0.1716
0.1716
0.1716
0.1716
0.1716
0.1716
0.1716
0.1716
0.1716
0.1716
0.1716
0.1716
0.1716
0.1716
0.1716
0.1716
0.1716
0.1716
0.1716
0.1716
0.1716
0.1716
0.1716
0.1716
0.1716
0.1716
0.1716
0.1716
0.1716
0.1716
0.1716
0.1716
0.1716
0.1716
0.1716
0.1716
0.1716
0.1716
0.1716
0.1716
0.1716
0.1716
0.1716
0.1716
0.1716
0.1716
0.1716
0.1716
0.1716
0.1716
0.1716
0.1716
0.1716
0.1716
0.1716
0.172
0.172
0.172
0.172
0.172
0.172
0.172
0.172
0.172
0.172
0.172
0.172
0.172
0.172
0.172
0.172
0.172
0.172
0.172
0.172
0.172
0.172
0.172
0.172
0.172
0.172
0.172
0.172
0.172
0.172
0.172
0.172
0.172
0.172
0.172
0.172
0.172
0.172
0.172
0.172
0.172
0.172
0.172
0.172
0.172
0.172
0.172
0.172
0.172
0.172
0.172
0.172
0.172
0.172
0.172
0.172
0.172
0.172
0.172
0.172
0.172
0.172
0.172
0.172
0.172
0.172
0.172
0.172
0.172
0.172
0.172
0.172
0.172
0.172
0.172
0.172
0.172
0.172
0.172
0.172
0.172
0.172
0.172
0.172
0.172
0.172
0.172
0.172
0.172
0.172
0.172
0.172
0.172
0.172
0.172
0.172
0.172
0.172
0.172
0.172
0.172
0.172
0.172
0.172
0.172
0.172
0.172
0.172
0.172
0.172
0.172
0.172
0.172
0.172
0.172
0.172
0.172
0.172
0.172
0.172
0.172
0.172
0.172
0.172
0.172
0.172
0.172
0.172
0.172
0.172
0.172
0.172
0.172
0.172
0.172
0.172
0.172
0.172
0.172
0.172
0.172
0.172
0.172
0.172
0.172
0.172
0.172
0.172
0.172
0.172
0.172
0.172
0.172
0.172
0.172
0.172
0.172
0.172
0.172
0.172
0.1725
0.1725
0.1725
0.1725
0.1725
0.1725
0.1725
0.1725
0.1725
0.1725
0.1725
0.1725
0.1725
0.1725
0.1725
0.1725
0.1725
0.1725
0.1725
0.1725
0.1725
0.1725
0.1725
0.1725
0.1725
0.1725
0.1725
0.1725
0.1725
0.1725
0.1725
0.1725
0.1725
0.1725
0.1725
0.1725
0.1725
0.1725
0.1725
0.1725
0.1725
0.1725
0.1725
0.1725
0.1725
0.1725
0.1725
0.1725
0.1725
0.1725
0.1725
0.1725
0.1725
0.1725
0.1725
0.1725
0.1725
0.1725
0.1725
0.1725
0.1725
0.1725
0.1725
0.1725
0.1725
0.1725
0.1725
0.1725
0.1725
0.1725
0.1725
0.1725
0.1725
0.1725
0.1725
0.1725
0.1725
0.1725
0.1725
0.1725
0.1725
0.1725
0.1725
0.1725
0.1725
0.1725
0.1725
0.1725
0.1725
0.1725
0.1725
0.1725
0.1725
0.1725
0.1725
0.1725
0.1725
0.1725
0.1725
0.1725
0.1725
0.1725
0.1725
0.1725
0.1725
0.1725
0.1725
0.1725
0.1725
0.1725
0.1725
0.1725
0.1725
0.1725
0.1725
0.1725
0.1725
0.1725
0.1725
0.1725
0.1725
0.1725
0.1725
0.1725
0.1725
0.1725
0.1725
0.1725
0.1725
0.1725
0.1725
0.1725
0.1725
0.1725
0.1725
0.1725
0.1725
0.1725
0.1725
0.1725
0.1725
0.1725
0.1725
0.1725
0.1725
0.1725
0.1725
0.1725
0.1725
0.1725
0.1725
0.1725
0.1725
0.173
0.173
0.173
0.173
0.173
0.173
0.173
0.173
0.173
0.173
0.173
0.173
0.173
0.173
0.173
0.173
0.173
0.173
0.173
0.173
0.173
0.173
0.173
0.173
0.173
0.173
0.173
0.173
0.173
0.173
0.173
0.173
0.173
0.173
0.173
0.173
0.173
0.173
0.173
0.173
0.173
0.173
0.173
0.173
0.173
0.173
0.173
0.173
0.173
0.173
0.173
0.173
0.173
0.173
0.173
0.173
0.173
0.173
0.173
0.173
0.173
0.173
0.173
0.173
0.173
0.173
0.173
0.173
0.173
0.173
0.173
0.173
0.173
0.173
0.173
0.173
0.173
0.173
0.173
0.173
0.173
0.173
0.173
0.173
0.173
0.173
0.173
0.173
0.173
0.173
0.173
0.173
0.173
0.173
0.173
0.173
0.173
0.173
0.173
0.173
0.173
0.173
0.173
0.173
0.173
0.173
0.173
0.173
0.173
0.173
0.173
0.173
0.173
0.173
0.173
0.173
0.173
0.173
0.173
0.173
0.173
0.173
0.173
0.173
0.173
0.173
0.173
0.173
0.173
0.173
0.173
0.173
0.173
0.173
0.173
0.173
0.173
0.173
0.173
0.173
0.173
0.173
0.173
0.173
0.173
0.173
0.173
0.173
0.173
0.173
0.173
0.173
0.173
0.173
0.173
0.173
0.173
0.173
0.173
0.173
0.173
0.173
0.173
0.173
0.173
0.173
0.173
0.1735
0.1735
0.1735
0.1735
0.1735
0.1735
0.1735
0.1735
0.1735
0.1735
0.1735
0.1735
0.1735
0.1735
0.1735
0.1735
0.1735
0.1735
0.1735
0.1735
0.1735
0.1735
0.1735
0.1735
0.1735
0.1735
0.1735
0.1735
0.1735
0.1735
0.1735
0.1735
0.1735
0.1735
0.1735
0.1735
0.1735
0.1735
0.1735
0.1735
0.1735
0.1735
0.1735
0.1735
0.1735
0.1735
0.1735
0.1735
0.1735
0.1735
0.1735
0.1735
0.1735
0.1735
0.1735
0.1735
0.1735
0.1735
0.1735
0.1735
0.1735
0.1735
0.1735
0.1735
0.1735
0.1735
0.1735
0.1735
0.1735
0.1735
0.1735
0.1735
0.1735
0.1735
0.1735
0.1735
0.1735
0.1735
0.1735
0.1735
0.1735
0.1735
0.1735
0.1735
0.1735
0.1735
0.1735
0.1735
0.1735
0.1735
0.1735
0.1735
0.1735
0.1735
0.1735
0.1735
0.1735
0.1735
0.1735
0.1735
0.1735
0.1735
0.1735
0.1735
0.1735
0.1735
0.1735
0.1735
0.1735
0.1735
0.1735
0.1735
0.1735
0.1735
0.1735
0.1735
0.1735
0.1735
0.1735
0.1735
0.1735
0.1735
0.1735
0.1735
0.1735
0.1735
0.1735
0.1735
0.1735
0.1735
0.1735
0.1735
0.1735
0.1735
0.1735
0.1735
0.1735
0.1735
0.1735
0.1735
0.1735
0.1735
0.1735
0.1735
0.1735
0.1735
0.1735
0.1735
0.1735
0.1735
0.1735
0.1735
0.1735
0.1735
0.1735
0.1735
0.1735
0.1735
0.1735
0.1735
0.1735
0.174
0.174
0.174
0.174
0.174
0.174
0.174
0.174
0.174
0.174
0.174
0.174
0.174
0.174
0.174
0.174
0.174
0.174
0.174
0.174
0.174
0.174
0.174
0.174
0.174
0.174
0.174
0.174
0.174
0.174
0.174
0.174
0.174
0.174
0.174
0.174
0.174
0.174
0.174
0.174
0.174
0.174
0.174
0.174
0.174
0.174
0.174
0.174
0.174
0.174
0.174
0.174
0.174
0.174
0.174
0.174
0.174
0.174
0.174
0.174
0.174
0.174
0.174
0.174
0.174
0.174
0.174
0.174
0.174
0.174
0.174
0.174
0.174
0.174
0.174
0.174
0.174
0.174
0.174
0.174
0.174
0.174
0.174
0.174
0.174
0.174
0.174
0.174
0.174
0.174
0.174
0.174
0.174
0.174
0.174
0.174
0.174
0.174
0.174
0.174
0.174
0.174
0.174
0.174
0.174
0.174
0.174
0.174
0.174
0.174
0.174
0.174
0.174
0.174
0.174
0.174
0.174
0.174
0.174
0.174
0.174
0.174
0.174
0.174
0.174
0.174
0.174
0.174
0.174
0.174
0.174
0.174
0.174
0.174
0.174
0.174
0.174
0.174
0.174
0.174
0.174
0.174
0.174
0.174
0.174
0.174
0.174
0.174
0.174
0.174
0.174
0.174
0.174
0.174
0.174
0.174
0.174
0.174
0.174
0.174
0.174
0.174
0.174
0.174
0.174
0.174
0.174
0.174
0.174
0.1745
0.1745
0.1745
0.1745
0.1745
0.1745
0.1745
0.1745
0.1745
0.1745
0.1745
0.1745
0.1745
0.1745
0.1745
0.1745
0.1745
0.1745
0.1745
0.1745
0.1745
0.1745
0.1745
0.1745
0.1745
0.1745
0.1745
0.1745
0.1745
0.1745
0.1745
0.1745
0.1745
0.1745
0.1745
0.1745
0.1745
0.1745
0.1745
0.1745
0.1745
0.1745
0.1745
0.1745
0.1745
0.1745
0.1745
0.1745
0.1745
0.1745
0.1745
0.1745
0.1745
0.1745
0.1745
0.1745
0.1745
0.1745
0.1745
0.1745
0.1745
0.1745
0.1745
0.1745
0.1745
0.1745
0.1745
0.1745
0.1745
0.1745
0.1745
0.1745
0.1745
0.1745
0.1745
0.1745
0.1745
0.1745
0.1745
0.1745
0.1745
0.1745
0.1745
0.1745
0.1745
0.1745
0.1745
0.1745
0.1745
0.1745
0.1745
0.1745
0.1745
0.1745
0.1745
0.1745
0.1745
0.1745
0.1745
0.1745
0.1745
0.1745
0.1745
0.1745
0.1745
0.1745
0.1745
0.1745
0.1745
0.1745
0.1745
0.1745
0.1745
0.1745
0.1745
0.1745
0.1745
0.1745
0.1745
0.1745
0.1745
0.1745
0.1745
0.1745
0.1745
0.1745
0.1745
0.1745
0.1745
0.1745
0.1745
0.1745
0.1745
0.1745
0.1745
0.1745
0.1745
0.1745
0.1745
0.1745
0.1745
0.1745
0.1745
0.1745
0.1745
0.1745
0.1745
0.1745
0.1745
0.1745
0.1745
0.1745
0.1745
0.1745
0.1745
0.1745
0.1745
0.1745
0.1745
0.1745
0.1745
0.1745
0.1745
0.1745
0.1745
0.1745
0.1745
0.1745
0.1745
0.1745
0.1745
0.1745
0.1745
0.1745
0.1745
0.1745
0.1745
0.1745
0.1745
0.1745
0.175
0.175
0.175
0.175
0.175
0.175
0.175
0.175
0.175
0.175
0.175
0.175
0.175
0.175
0.175
0.175
0.175
0.175
0.175
0.175
0.175
0.175
0.175
0.175
0.175
0.175
0.175
0.175
0.175
0.175
0.175
0.175
0.175
0.175
0.175
0.175
0.175
0.175
0.175
0.175
0.175
0.175
0.175
0.175
0.175
0.175
0.175
0.175
0.175
0.175
0.175
0.175
0.175
0.175
0.175
0.175
0.175
0.175
0.175
0.175
0.175
0.175
0.175
0.175
0.175
0.175
0.175
0.175
0.175
0.175
0.175
0.175
0.175
0.175
0.175
0.175
0.175
0.175
0.175
0.175
0.175
0.175
0.175
0.175
0.175
0.175
0.175
0.175
0.175
0.175
0.175
0.175
0.175
0.175
0.175
0.175
0.175
0.175
0.175
0.175
0.175
0.175
0.175
0.175
0.175
0.175
0.175
0.175
0.175
0.175
0.175
0.175
0.175
0.175
0.175
0.175
0.175
0.175
0.175
0.175
0.175
0.175
0.175
0.175
0.175
0.175
0.175
0.175
0.175
0.175
0.175
0.175
0.175
0.175
0.175
0.175
0.175
0.175
0.175
0.175
0.175
0.175
0.175
0.175
0.175
0.175
0.175
0.175
0.175
0.175
0.175
0.175
0.175
0.175
0.175
0.175
0.175
0.175
0.175
0.175
0.175
0.175
0.175
0.175
0.175
0.175
0.175
0.175
0.175
0.175
0.175
0.175
0.175
0.175
0.175
0.175
0.175
0.175
0.175
0.175
0.175
0.175
0.175
0.175
0.175
0.175
0.175
0.1755
0.1755
0.1755
0.1755
0.1755
0.1755
0.1755
0.1755
0.1755
0.1755
0.1755
0.1755
0.1755
0.1755
0.1755
0.1755
0.1755
0.1755
0.1755
0.1755
0.1755
0.1755
0.1755
0.1755
0.1755
0.1755
0.1755
0.1755
0.1755
0.1755
0.1755
0.1755
0.1755
0.1755
0.1755
0.1755
0.1755
0.1755
0.1755
0.1755
0.1755
0.1755
0.1755
0.1755
0.1755
0.1755
0.1755
0.1755
0.1755
0.1755
0.1755
0.1755
0.1755
0.1755
0.1755
0.1755
0.1755
0.1755
0.1755
0.1755
0.1755
0.1755
0.1755
0.1755
0.1755
0.1755
0.1755
0.1755
0.1755
0.1755
0.1755
0.1755
0.1755
0.1755
0.1755
0.1755
0.1755
0.1755
0.1755
0.1755
0.1755
0.1755
0.1755
0.1755
0.1755
0.1755
0.1755
0.1755
0.1755
0.1755
0.1755
0.1755
0.1755
0.1755
0.1755
0.1755
0.1755
0.1755
0.1755
0.1755
0.1755
0.1755
0.1755
0.1755
0.1755
0.1755
0.1755
0.1755
0.1755
0.1755
0.1755
0.1755
0.1755
0.1755
0.1755
0.1755
0.1755
0.1755
0.1755
0.1755
0.1755
0.1755
0.1755
0.1755
0.1755
0.1755
0.1755
0.1755
0.1755
0.1755
0.1755
0.1755
0.1755
0.1755
0.1755
0.1755
0.1755
0.1755
0.1755
0.1755
0.1755
0.1755
0.1755
0.1755
0.1755
0.1755
0.1755
0.1755
0.1755
0.1755
0.1755
0.1755
0.1755
0.1755
0.1755
0.1755
0.1755
0.1755
0.1755
0.1755
0.1755
0.1755
0.1755
0.1755
0.1755
0.1755
0.1755
0.1755
0.1755
0.1755
0.1755
0.1755
0.1755
0.1755
0.1755
0.1755
0.1755
0.1755
0.1755
0.1755
0.1755
0.1755
0.176
0.176
0.176
0.176
0.176
0.176
0.176
0.176
0.176
0.176
0.176
0.176
0.176
0.176
0.176
0.176
0.176
0.176
0.176
0.176
0.176
0.176
0.176
0.176
0.176
0.176
0.176
0.176
0.176
0.176
0.176
0.176
0.176
0.176
0.176
0.176
0.176
0.176
0.176
0.176
0.176
0.176
0.176
0.176
0.176
0.176
0.176
0.176
0.176
0.176
0.176
0.176
0.176
0.176
0.176
0.176
0.176
0.176
0.176
0.176
0.176
0.176
0.176
0.176
0.176
0.176
0.176
0.176
0.176
0.176
0.176
0.176
0.176
0.176
0.176
0.176
0.176
0.176
0.176
0.176
0.176
0.176
0.176
0.176
0.176
0.176
0.176
0.176
0.176
0.176
0.176
0.176
0.176
0.176
0.176
0.176
0.176
0.176
0.176
0.176
0.176
0.176
0.176
0.176
0.176
0.176
0.176
0.176
0.176
0.176
0.176
0.176
0.176
0.176
0.176
0.176
0.176
0.176
0.176
0.176
0.176
0.176
0.176
0.176
0.176
0.176
0.176
0.176
0.176
0.176
0.176
0.176
0.176
0.176
0.176
0.176
0.176
0.176
0.176
0.176
0.176
0.176
0.176
0.176
0.176
0.176
0.176
0.176
0.176
0.176
0.176
0.176
0.176
0.176
0.176
0.176
0.176
0.176
0.176
0.176
0.176
0.176
0.176
0.176
0.176
0.176
0.176
0.176
0.176
0.176
0.176
0.176
0.176
0.176
0.176
0.176
0.176
0.176
0.176
0.176
0.176
0.176
0.176
0.176
0.176
0.176
0.1765
0.1765
0.1765
0.1765
0.1765
0.1765
0.1765
0.1765
0.1765
0.1765
0.1765
0.1765
0.1765
0.1765
0.1765
0.1765
0.1765
0.1765
0.1765
0.1765
0.1765
0.1765
0.1765
0.1765
0.1765
0.1765
0.1765
0.1765
0.1765
0.1765
0.1765
0.1765
0.1765
0.1765
0.1765
0.1765
0.1765
0.1765
0.1765
0.1765
0.1765
0.1765
0.1765
0.1765
0.1765
0.1765
0.1765
0.1765
0.1765
0.1765
0.1765
0.1765
0.1765
0.1765
0.1765
0.1765
0.1765
0.1765
0.1765
0.1765
0.1765
0.1765
0.1765
0.1765
0.1765
0.1765
0.1765
0.1765
0.1765
0.1765
0.1765
0.1765
0.1765
0.1765
0.1765
0.1765
0.1765
0.1765
0.1765
0.1765
0.1765
0.1765
0.1765
0.1765
0.1765
0.1765
0.1765
0.1765
0.1765
0.1765
0.1765
0.1765
0.1765
0.1765
0.1765
0.1765
0.1765
0.1765
0.1765
0.1765
0.1765
0.1765
0.1765
0.1765
0.1765
0.1765
0.1765
0.1765
0.1765
0.1765
0.1765
0.1765
0.1765
0.1765
0.1765
0.1765
0.1765
0.1765
0.1765
0.1765
0.1765
0.1765
0.1765
0.1765
0.1765
0.1765
0.1765
0.1765
0.1765
0.1765
0.1765
0.1765
0.1765
0.1765
0.1765
0.1765
0.1765
0.1765
0.1765
0.1765
0.1765
0.1765
0.1765
0.1765
0.1765
0.1765
0.1765
0.1765
0.1765
0.1765
0.1765
0.1765
0.1765
0.1765
0.1765
0.1765
0.1765
0.1765
0.1765
0.1765
0.1765
0.1765
0.1765
0.1765
0.1765
0.1765
0.1765
0.1765
0.1765
0.1765
0.1765
0.1765
0.1765
0.1765
0.1765
0.1765
0.1765
0.1765
0.1765
0.1765
0.1765
0.1765
0.1765
0.1765
0.1765
0.1765
0.1765
0.1765
0.1765
0.1765
0.1765
0.1765
0.1765
0.1765
0.177
0.177
0.177
0.177
0.177
0.177
0.177
0.177
0.177
0.177
0.177
0.177
0.177
0.177
0.177
0.177
0.177
0.177
0.177
0.177
0.177
0.177
0.177
0.177
0.177
0.177
0.177
0.177
0.177
0.177
0.177
0.177
0.177
0.177
0.177
0.177
0.177
0.177
0.177
0.177
0.177
0.177
0.177
0.177
0.177
0.177
0.177
0.177
0.177
0.177
0.177
0.177
0.177
0.177
0.177
0.177
0.177
0.177
0.177
0.177
0.177
0.177
0.177
0.177
0.177
0.177
0.177
0.177
0.177
0.177
0.177
0.177
0.177
0.177
0.177
0.177
0.177
0.177
0.177
0.177
0.177
0.177
0.177
0.177
0.177
0.177
0.177
0.177
0.177
0.177
0.177
0.177
0.177
0.177
0.177
0.177
0.177
0.177
0.177
0.177
0.177
0.177
0.177
0.177
0.177
0.177
0.177
0.177
0.177
0.177
0.177
0.177
0.177
0.177
0.177
0.177
0.177
0.177
0.177
0.177
0.177
0.177
0.177
0.177
0.177
0.177
0.177
0.177
0.177
0.177
0.177
0.177
0.177
0.177
0.177
0.177
0.177
0.177
0.177
0.177
0.177
0.177
0.177
0.177
0.177
0.177
0.177
0.177
0.177
0.177
0.177
0.177
0.177
0.177
0.177
0.177
0.177
0.177
0.177
0.177
0.177
0.177
0.177
0.177
0.177
0.177
0.177
0.177
0.177
0.177
0.177
0.177
0.177
0.177
0.177
0.177
0.177
0.177
0.177
0.177
0.177
0.177
0.177
0.177
0.177
0.177
0.1775
0.1775
0.1775
0.1775
0.1775
0.1775
0.1775
0.1775
0.1775
0.1775
0.1775
0.1775
0.1775
0.1775
0.1775
0.1775
0.1775
0.1775
0.1775
0.1775
0.1775
0.1775
0.1775
0.1775
0.1775
0.1775
0.1775
0.1775
0.1775
0.1775
0.1775
0.1775
0.1775
0.1775
0.1775
0.1775
0.1775
0.1775
0.1775
0.1775
0.1775
0.1775
0.1775
0.1775
0.1775
0.1775
0.1775
0.1775
0.1775
0.1775
0.1775
0.1775
0.1775
0.1775
0.1775
0.1775
0.1775
0.1775
0.1775
0.1775
0.1775
0.1775
0.1775
0.1775
0.1775
0.1775
0.1775
0.1775
0.1775
0.1775
0.1775
0.1775
0.1775
0.1775
0.1775
0.1775
0.1775
0.1775
0.1775
0.1775
0.1775
0.1775
0.1775
0.1775
0.1775
0.1775
0.1775
0.1775
0.1775
0.1775
0.1775
0.1775
0.1775
0.1775
0.1775
0.1775
0.1775
0.1775
0.1775
0.1775
0.1775
0.1775
0.1775
0.1775
0.1775
0.1775
0.1775
0.1775
0.1775
0.1775
0.1775
0.1775
0.1775
0.1775
0.1775
0.1775
0.1775
0.1775
0.1775
0.1775
0.1775
0.1775
0.1775
0.1775
0.1775
0.1775
0.1775
0.1775
0.1775
0.1775
0.1775
0.1775
0.1775
0.1775
0.1775
0.1775
0.1775
0.1775
0.1775
0.1775
0.1775
0.1775
0.1775
0.1775
0.1775
0.1775
0.1775
0.1775
0.1775
0.1775
0.1775
0.1775
0.1775
0.1775
0.1775
0.1775
0.1775
0.1775
0.1775
0.1775
0.1775
0.1775
0.1775
0.1775
0.1775
0.1775
0.1775
0.1775
0.1775
0.1775
0.1775
0.1775
0.1775
0.1775
0.1775
0.1775
0.1775
0.1775
0.1775
0.1775
0.1775
0.1775
0.1775
0.1775
0.1775
0.1775
0.1775
0.1775
0.178
0.178
0.178
0.178
0.178
0.178
0.178
0.178
0.178
0.178
0.178
0.178
0.178
0.178
0.178
0.178
0.178
0.178
0.178
0.178
0.178
0.178
0.178
0.178
0.178
0.178
0.178
0.178
0.178
0.178
0.178
0.178
0.178
0.178
0.178
0.178
0.178
0.178
0.178
0.178
0.178
0.178
0.178
0.178
0.178
0.178
0.178
0.178
0.178
0.178
0.178
0.178
0.178
0.178
0.178
0.178
0.178
0.178
0.178
0.178
0.178
0.178
0.178
0.178
0.178
0.178
0.178
0.178
0.178
0.178
0.178
0.178
0.178
0.178
0.178
0.178
0.178
0.178
0.178
0.178
0.178
0.178
0.178
0.178
0.178
0.178
0.178
0.178
0.178
0.178
0.178
0.178
0.178
0.178
0.178
0.178
0.178
0.178
0.178
0.178
0.178
0.178
0.178
0.178
0.178
0.178
0.178
0.178
0.178
0.178
0.178
0.178
0.178
0.178
0.178
0.178
0.178
0.178
0.178
0.178
0.178
0.178
0.178
0.178
0.178
0.178
0.178
0.178
0.178
0.178
0.178
0.178
0.178
0.178
0.178
0.178
0.178
0.178
0.178
0.178
0.178
0.178
0.178
0.178
0.178
0.178
0.178
0.178
0.178
0.178
0.178
0.178
0.178
0.178
0.178
0.178
0.178
0.178
0.178
0.178
0.178
0.178
0.178
0.178
0.178
0.178
0.178
0.178
0.178
0.178
0.178
0.178
0.178
0.178
0.178
0.178
0.178
0.178
0.178
0.178
0.178
0.1785
0.1785
0.1785
0.1785
0.1785
0.1785
0.1785
0.1785
0.1785
0.1785
0.1785
0.1785
0.1785
0.1785
0.1785
0.1785
0.1785
0.1785
0.1785
0.1785
0.1785
0.1785
0.1785
0.1785
0.1785
0.1785
0.1785
0.1785
0.1785
0.1785
0.1785
0.1785
0.1785
0.1785
0.1785
0.1785
0.1785
0.1785
0.1785
0.1785
0.1785
0.1785
0.1785
0.1785
0.1785
0.1785
0.1785
0.1785
0.1785
0.1785
0.1785
0.1785
0.1785
0.1785
0.1785
0.1785
0.1785
0.1785
0.1785
0.1785
0.1785
0.1785
0.1785
0.1785
0.1785
0.1785
0.1785
0.1785
0.1785
0.1785
0.1785
0.1785
0.1785
0.1785
0.1785
0.1785
0.1785
0.1785
0.1785
0.1785
0.1785
0.1785
0.1785
0.1785
0.1785
0.1785
0.1785
0.1785
0.1785
0.1785
0.1785
0.1785
0.1785
0.1785
0.1785
0.1785
0.1785
0.1785
0.1785
0.1785
0.1785
0.1785
0.1785
0.1785
0.1785
0.1785
0.1785
0.1785
0.1785
0.1785
0.1785
0.1785
0.1785
0.1785
0.1785
0.1785
0.1785
0.1785
0.1785
0.1785
0.1785
0.1785
0.1785
0.1785
0.1785
0.1785
0.1785
0.1785
0.1785
0.1785
0.1785
0.1785
0.1785
0.1785
0.1785
0.1785
0.1785
0.1785
0.1785
0.1785
0.1785
0.1785
0.1785
0.1785
0.1785
0.1785
0.1785
0.1785
0.1785
0.1785
0.1785
0.1785
0.1785
0.1785
0.1785
0.1785
0.1785
0.1785
0.1785
0.1785
0.1785
0.1785
0.1785
0.1785
0.1785
0.1785
0.1785
0.1785
0.179
0.179
0.179
0.179
0.179
0.179
0.179
0.179
0.179
0.179
0.179
0.179
0.179
0.179
0.179
0.179
0.179
0.179
0.179
0.179
0.179
0.179
0.179
0.179
0.179
0.179
0.179
0.179
0.179
0.179
0.179
0.179
0.179
0.179
0.179
0.179
0.179
0.179
0.179
0.179
0.179
0.179
0.179
0.179
0.179
0.179
0.179
0.179
0.179
0.179
0.179
0.179
0.179
0.179
0.179
0.179
0.179
0.179
0.179
0.179
0.179
0.179
0.179
0.179
0.179
0.179
0.179
0.179
0.179
0.179
0.179
0.179
0.179
0.179
0.179
0.179
0.179
0.179
0.179
0.179
0.179
0.179
0.179
0.179
0.179
0.179
0.179
0.179
0.179
0.179
0.179
0.179
0.179
0.179
0.179
0.179
0.179
0.179
0.179
0.179
0.179
0.179
0.179
0.179
0.179
0.179
0.179
0.179
0.179
0.179
0.179
0.179
0.179
0.179
0.179
0.179
0.179
0.179
0.179
0.179
0.179
0.179
0.179
0.179
0.179
0.179
0.179
0.179
0.179
0.179
0.179
0.179
0.179
0.179
0.179
0.179
0.179
0.179
0.179
0.179
0.179
0.179
0.179
0.179
0.179
0.179
0.179
0.179
0.179
0.179
0.179
0.179
0.179
0.179
0.179
0.179
0.179
0.179
0.179
0.179
0.179
0.179
0.179
0.179
0.179
0.179
0.179
0.1795
0.1795
0.1795
0.1795
0.1795
0.1795
0.1795
0.1795
0.1795
0.1795
0.1795
0.1795
0.1795
0.1795
0.1795
0.1795
0.1795
0.1795
0.1795
0.1795
0.1795
0.1795
0.1795
0.1795
0.1795
0.1795
0.1795
0.1795
0.1795
0.1795
0.1795
0.1795
0.1795
0.1795
0.1795
0.1795
0.1795
0.1795
0.1795
0.1795
0.1795
0.1795
0.1795
0.1795
0.1795
0.1795
0.1795
0.1795
0.1795
0.1795
0.1795
0.1795
0.1795
0.1795
0.1795
0.1795
0.1795
0.1795
0.1795
0.1795
0.1795
0.1795
0.1795
0.1795
0.1795
0.1795
0.1795
0.1795
0.1795
0.1795
0.1795
0.1795
0.1795
0.1795
0.1795
0.1795
0.1795
0.1795
0.1795
0.1795
0.1795
0.1795
0.1795
0.1795
0.1795
0.1795
0.1795
0.1795
0.1795
0.1795
0.1795
0.1795
0.1795
0.1795
0.1795
0.1795
0.1795
0.1795
0.1795
0.1795
0.1795
0.1795
0.1795
0.1795
0.1795
0.1795
0.1795
0.1795
0.1795
0.1795
0.1795
0.1795
0.1795
0.1795
0.1795
0.1795
0.1795
0.1795
0.1795
0.1795
0.1795
0.1795
0.1795
0.1795
0.1795
0.1795
0.1795
0.1795
0.1795
0.1795
0.1795
0.1795
0.1795
0.1795
0.1795
0.1795
0.1795
0.1795
0.1795
0.1795
0.1795
0.1795
0.1795
0.1795
0.1795
0.1795
0.1795
0.1795
0.1795
0.1795
0.1795
0.1795
0.1795
0.1795
0.1795
0.1795
0.1795
0.1795
0.1795
0.1795
0.1795
0.1795
0.18
0.18
0.18
0.18
0.18
0.18
0.18
0.18
0.18
0.18
0.18
0.18
0.18
0.18
0.18
0.18
0.18
0.18
0.18
0.18
0.18
0.18
0.18
0.18
0.18
0.18
0.18
0.18
0.18
0.18
0.18
0.18
0.18
0.18
0.18
0.18
0.18
0.18
0.18
0.18
0.18
0.18
0.18
0.18
0.18
0.18
0.18
0.18
0.18
0.18
0.18
0.18
0.18
0.18
0.18
0.18
0.18
0.18
0.18
0.18
0.18
0.18
0.18
0.18
0.18
0.18
0.18
0.18
0.18
0.18
0.18
0.18
0.18
0.18
0.18
0.18
0.18
0.18
0.18
0.18
0.18
0.18
0.18
0.18
0.18
0.18
0.18
0.18
0.18
0.18
0.18
0.18
0.18
0.18
0.18
0.18
0.18
0.18
0.18
0.18
0.18
0.18
0.18
0.18
0.18
0.18
0.18
0.18
0.18
0.18
0.18
0.18
0.18
0.18
0.18
0.18
0.18
0.18
0.18
0.18
0.18
0.18
0.18
0.18
0.18
0.18
0.18
0.18
0.18
0.18
0.18
0.18
0.18
0.18
0.18
0.18
0.18
0.18
0.18
0.18
0.18
0.18
0.18
0.18
0.18
0.18
0.18
0.18
0.18
0.18
0.18
0.18
0.18
0.18
0.18
0.18
0.18
0.18
0.1805
0.1805
0.1805
0.1805
0.1805
0.1805
0.1805
0.1805
0.1805
0.1805
0.1805
0.1805
0.1805
0.1805
0.1805
0.1805
0.1805
0.1805
0.1805
0.1805
0.1805
0.1805
0.1805
0.1805
0.1805
0.1805
0.1805
0.1805
0.1805
0.1805
0.1805
0.1805
0.1805
0.1805
0.1805
0.1805
0.1805
0.1805
0.1805
0.1805
0.1805
0.1805
0.1805
0.1805
0.1805
0.1805
0.1805
0.1805
0.1805
0.1805
0.1805
0.1805
0.1805
0.1805
0.1805
0.1805
0.1805
0.1805
0.1805
0.1805
0.1805
0.1805
0.1805
0.1805
0.1805
0.1805
0.1805
0.1805
0.1805
0.1805
0.1805
0.1805
0.1805
0.1805
0.1805
0.1805
0.1805
0.1805
0.1805
0.1805
0.1805
0.1805
0.1805
0.1805
0.1805
0.1805
0.1805
0.1805
0.1805
0.1805
0.1805
0.1805
0.1805
0.1805
0.1805
0.1805
0.1805
0.1805
0.1805
0.1805
0.1805
0.1805
0.1805
0.1805
0.1805
0.1805
0.1805
0.1805
0.1805
0.1805
0.1805
0.1805
0.1805
0.1805
0.1805
0.1805
0.1805
0.1805
0.1805
0.1805
0.1805
0.1805
0.1805
0.1805
0.1805
0.1805
0.1805
0.1805
0.1805
0.1805
0.1805
0.1805
0.1805
0.1805
0.1805
0.1805
0.1805
0.1805
0.1805
0.1805
0.1805
0.1805
0.1805
0.1805
0.1805
0.1805
0.1805
0.1805
0.1805
0.1805
0.1805
0.1805
0.1805
0.1805
0.1805
0.1805
0.1805
0.1805
0.1805
0.1805
0.1805
0.181
0.181
0.181
0.181
0.181
0.181
0.181
0.181
0.181
0.181
0.181
0.181
0.181
0.181
0.181
0.181
0.181
0.181
0.181
0.181
0.181
0.181
0.181
0.181
0.181
0.181
0.181
0.181
0.181
0.181
0.181
0.181
0.181
0.181
0.181
0.181
0.181
0.181
0.181
0.181
0.181
0.181
0.181
0.181
0.181
0.181
0.181
0.181
0.181
0.181
0.181
0.181
0.181
0.181
0.181
0.181
0.181
0.181
0.181
0.181
0.181
0.181
0.181
0.181
0.181
0.181
0.181
0.181
0.181
0.181
0.181
0.181
0.181
0.181
0.181
0.181
0.181
0.181
0.181
0.181
0.181
0.181
0.181
0.181
0.181
0.181
0.181
0.181
0.181
0.181
0.181
0.181
0.181
0.181
0.181
0.181
0.181
0.181
0.181
0.181
0.181
0.181
0.181
0.181
0.181
0.181
0.181
0.181
0.181
0.181
0.181
0.181
0.181
0.181
0.181
0.181
0.181
0.181
0.181
0.181
0.181
0.181
0.181
0.181
0.181
0.181
0.181
0.181
0.181
0.181
0.181
0.181
0.181
0.181
0.181
0.181
0.181
0.181
0.181
0.181
0.181
0.181
0.181
0.181
0.181
0.181
0.181
0.181
0.181
0.181
0.181
0.181
0.181
0.1815
0.1815
0.1815
0.1815
0.1815
0.1815
0.1815
0.1815
0.1815
0.1815
0.1815
0.1815
0.1815
0.1815
0.1815
0.1815
0.1815
0.1815
0.1815
0.1815
0.1815
0.1815
0.1815
0.1815
0.1815
0.1815
0.1815
0.1815
0.1815
0.1815
0.1815
0.1815
0.1815
0.1815
0.1815
0.1815
0.1815
0.1815
0.1815
0.1815
0.1815
0.1815
0.1815
0.1815
0.1815
0.1815
0.1815
0.1815
0.1815
0.1815
0.1815
0.1815
0.1815
0.1815
0.1815
0.1815
0.1815
0.1815
0.1815
0.1815
0.1815
0.1815
0.1815
0.1815
0.1815
0.1815
0.1815
0.1815
0.1815
0.1815
0.1815
0.1815
0.1815
0.1815
0.1815
0.1815
0.1815
0.1815
0.1815
0.1815
0.1815
0.1815
0.1815
0.1815
0.1815
0.1815
0.1815
0.1815
0.1815
0.1815
0.1815
0.1815
0.1815
0.1815
0.1815
0.1815
0.1815
0.1815
0.1815
0.1815
0.1815
0.1815
0.1815
0.1815
0.1815
0.1815
0.1815
0.1815
0.1815
0.1815
0.1815
0.1815
0.1815
0.1815
0.1815
0.1815
0.1815
0.1815
0.1815
0.1815
0.1815
0.1815
0.1815
0.1815
0.1815
0.1815
0.1815
0.1815
0.1815
0.1815
0.1815
0.1815
0.1815
0.1815
0.1815
0.1815
0.1815
0.1815
0.1815
0.1815
0.1815
0.1815
0.1815
0.1815
0.1815
0.1815
0.1815
0.1815
0.1815
0.1815
0.1815
0.1815
0.1815
0.1815
0.1815
0.1815
0.1815
0.182
0.182
0.182
0.182
0.182
0.182
0.182
0.182
0.182
0.182
0.182
0.182
0.182
0.182
0.182
0.182
0.182
0.182
0.182
0.182
0.182
0.182
0.182
0.182
0.182
0.182
0.182
0.182
0.182
0.182
0.182
0.182
0.182
0.182
0.182
0.182
0.182
0.182
0.182
0.182
0.182
0.182
0.182
0.182
0.182
0.182
0.182
0.182
0.182
0.182
0.182
0.182
0.182
0.182
0.182
0.182
0.182
0.182
0.182
0.182
0.182
0.182
0.182
0.182
0.182
0.182
0.182
0.182
0.182
0.182
0.182
0.182
0.182
0.182
0.182
0.182
0.182
0.182
0.182
0.182
0.182
0.182
0.182
0.182
0.182
0.182
0.182
0.182
0.182
0.182
0.182
0.182
0.182
0.182
0.182
0.182
0.182
0.182
0.182
0.182
0.182
0.182
0.182
0.182
0.182
0.182
0.182
0.182
0.182
0.182
0.182
0.182
0.182
0.182
0.182
0.182
0.182
0.182
0.182
0.182
0.182
0.182
0.182
0.182
0.182
0.182
0.182
0.182
0.182
0.182
0.182
0.182
0.182
0.182
0.182
0.182
0.182
0.182
0.182
0.182
0.182
0.182
0.182
0.182
0.182
0.182
0.182
0.182
0.1825
0.1825
0.1825
0.1825
0.1825
0.1825
0.1825
0.1825
0.1825
0.1825
0.1825
0.1825
0.1825
0.1825
0.1825
0.1825
0.1825
0.1825
0.1825
0.1825
0.1825
0.1825
0.1825
0.1825
0.1825
0.1825
0.1825
0.1825
0.1825
0.1825
0.1825
0.1825
0.1825
0.1825
0.1825
0.1825
0.1825
0.1825
0.1825
0.1825
0.1825
0.1825
0.1825
0.1825
0.1825
0.1825
0.1825
0.1825
0.1825
0.1825
0.1825
0.1825
0.1825
0.1825
0.1825
0.1825
0.1825
0.1825
0.1825
0.1825
0.1825
0.1825
0.1825
0.1825
0.1825
0.1825
0.1825
0.1825
0.1825
0.1825
0.1825
0.1825
0.1825
0.1825
0.1825
0.1825
0.1825
0.1825
0.1825
0.1825
0.1825
0.1825
0.1825
0.1825
0.1825
0.1825
0.1825
0.1825
0.1825
0.1825
0.1825
0.1825
0.1825
0.1825
0.1825
0.1825
0.1825
0.1825
0.1825
0.1825
0.1825
0.1825
0.1825
0.1825
0.1825
0.1825
0.1825
0.1825
0.1825
0.1825
0.1825
0.1825
0.1825
0.1825
0.1825
0.1825
0.1825
0.1825
0.1825
0.1825
0.1825
0.1825
0.1825
0.1825
0.1825
0.1825
0.1825
0.1825
0.1825
0.1825
0.1825
0.1825
0.1825
0.1825
0.1825
0.1825
0.1825
0.1825
0.1825
0.1825
0.1825
0.1825
0.183
0.183
0.183
0.183
0.183
0.183
0.183
0.183
0.183
0.183
0.183
0.183
0.183
0.183
0.183
0.183
0.183
0.183
0.183
0.183
0.183
0.183
0.183
0.183
0.183
0.183
0.183
0.183
0.183
0.183
0.183
0.183
0.183
0.183
0.183
0.183
0.183
0.183
0.183
0.183
0.183
0.183
0.183
0.183
0.183
0.183
0.183
0.183
0.183
0.183
0.183
0.183
0.183
0.183
0.183
0.183
0.183
0.183
0.183
0.183
0.183
0.183
0.183
0.183
0.183
0.183
0.183
0.183
0.183
0.183
0.183
0.183
0.183
0.183
0.183
0.183
0.183
0.183
0.183
0.183
0.183
0.183
0.183
0.183
0.183
0.183
0.183
0.183
0.183
0.183
0.183
0.183
0.183
0.183
0.183
0.183
0.183
0.183
0.183
0.183
0.183
0.183
0.183
0.183
0.183
0.183
0.183
0.183
0.183
0.183
0.183
0.183
0.183
0.183
0.183
0.183
0.183
0.183
0.183
0.183
0.183
0.183
0.183
0.183
0.183
0.183
0.183
0.183
0.183
0.183
0.183
0.183
0.183
0.183
0.183
0.183
0.1835
0.1835
0.1835
0.1835
0.1835
0.1835
0.1835
0.1835
0.1835
0.1835
0.1835
0.1835
0.1835
0.1835
0.1835
0.1835
0.1835
0.1835
0.1835
0.1835
0.1835
0.1835
0.1835
0.1835
0.1835
0.1835
0.1835
0.1835
0.1835
0.1835
0.1835
0.1835
0.1835
0.1835
0.1835
0.1835
0.1835
0.1835
0.1835
0.1835
0.1835
0.1835
0.1835
0.1835
0.1835
0.1835
0.1835
0.1835
0.1835
0.1835
0.1835
0.1835
0.1835
0.1835
0.1835
0.1835
0.1835
0.1835
0.1835
0.1835
0.1835
0.1835
0.1835
0.1835
0.1835
0.1835
0.1835
0.1835
0.1835
0.1835
0.1835
0.1835
0.1835
0.1835
0.1835
0.1835
0.1835
0.1835
0.1835
0.1835
0.1835
0.1835
0.1835
0.1835
0.1835
0.1835
0.1835
0.1835
0.1835
0.1835
0.1835
0.1835
0.1835
0.1835
0.1835
0.1835
0.1835
0.1835
0.1835
0.1835
0.1835
0.1835
0.1835
0.1835
0.1835
0.1835
0.1835
0.1835
0.1835
0.1835
0.1835
0.1835
0.1835
0.1835
0.1835
0.1835
0.1835
0.1835
0.1835
0.1835
0.1835
0.1835
0.1835
0.1835
0.1835
0.1835
0.1835
0.1835
0.1835
0.1835
0.1835
0.1835
0.1835
0.1835
0.184
0.184
0.184
0.184
0.184
0.184
0.184
0.184
0.184
0.184
0.184
0.184
0.184
0.184
0.184
0.184
0.184
0.184
0.184
0.184
0.184
0.184
0.184
0.184
0.184
0.184
0.184
0.184
0.184
0.184
0.184
0.184
0.184
0.184
0.184
0.184
0.184
0.184
0.184
0.184
0.184
0.184
0.184
0.184
0.184
0.184
0.184
0.184
0.184
0.184
0.184
0.184
0.184
0.184
0.184
0.184
0.184
0.184
0.184
0.184
0.184
0.184
0.184
0.184
0.184
0.184
0.184
0.184
0.184
0.184
0.184
0.184
0.184
0.184
0.184
0.184
0.184
0.184
0.184
0.184
0.184
0.184
0.184
0.184
0.184
0.184
0.184
0.184
0.184
0.184
0.184
0.184
0.184
0.184
0.184
0.184
0.184
0.184
0.184
0.184
0.184
0.184
0.184
0.184
0.184
0.184
0.184
0.184
0.184
0.184
0.184
0.184
0.184
0.184
0.184
0.184
0.184
0.184
0.184
0.184
0.184
0.184
0.184
0.184
0.184
0.1845
0.1845
0.1845
0.1845
0.1845
0.1845
0.1845
0.1845
0.1845
0.1845
0.1845
0.1845
0.1845
0.1845
0.1845
0.1845
0.1845
0.1845
0.1845
0.1845
0.1845
0.1845
0.1845
0.1845
0.1845
0.1845
0.1845
0.1845
0.1845
0.1845
0.1845
0.1845
0.1845
0.1845
0.1845
0.1845
0.1845
0.1845
0.1845
0.1845
0.1845
0.1845
0.1845
0.1845
0.1845
0.1845
0.1845
0.1845
0.1845
0.1845
0.1845
0.1845
0.1845
0.1845
0.1845
0.1845
0.1845
0.1845
0.1845
0.1845
0.1845
0.1845
0.1845
0.1845
0.1845
0.1845
0.1845
0.1845
0.1845
0.1845
0.1845
0.1845
0.1845
0.1845
0.1845
0.1845
0.1845
0.1845
0.1845
0.1845
0.1845
0.1845
0.1845
0.1845
0.1845
0.1845
0.1845
0.1845
0.1845
0.1845
0.1845
0.1845
0.1845
0.1845
0.1845
0.1845
0.1845
0.1845
0.1845
0.1845
0.1845
0.1845
0.1845
0.1845
0.1845
0.1845
0.1845
0.1845
0.1845
0.1845
0.1845
0.1845
0.1845
0.1845
0.1845
0.1845
0.1845
0.1845
0.1845
0.1845
0.1845
0.1845
0.1845
0.1845
0.1845
0.1845
0.1845
0.1851
0.1851
0.1851
0.1851
0.1851
0.1851
0.1851
0.1851
0.1851
0.1851
0.1851
0.1851
0.1851
0.1851
0.1851
0.1851
0.1851
0.1851
0.1851
0.1851
0.1851
0.1851
0.1851
0.1851
0.1851
0.1851
0.1851
0.1851
0.1851
0.1851
0.1851
0.1851
0.1851
0.1851
0.1851
0.1851
0.1851
0.1851
0.1851
0.1851
0.1851
0.1851
0.1851
0.1851
0.1851
0.1851
0.1851
0.1851
0.1851
0.1851
0.1851
0.1851
0.1851
0.1851
0.1851
0.1851
0.1851
0.1851
0.1851
0.1851
0.1851
0.1851
0.1851
0.1851
0.1851
0.1851
0.1851
0.1851
0.1851
0.1851
0.1851
0.1851
0.1851
0.1851
0.1851
0.1851
0.1851
0.1851
0.1851
0.1851
0.1851
0.1851
0.1851
0.1851
0.1851
0.1851
0.1851
0.1851
0.1851
0.1851
0.1851
0.1851
0.1851
0.1851
0.1851
0.1851
0.1851
0.1851
0.1851
0.1851
0.1851
0.1851
0.1851
0.1851
0.1851
0.1851
0.1851
0.1851
0.1851
0.1851
0.1851
0.1851
0.1851
0.1851
0.1851
0.1851
0.1856
0.1856
0.1856
0.1856
0.1856
0.1856
0.1856
0.1856
0.1856
0.1856
0.1856
0.1856
0.1856
0.1856
0.1856
0.1856
0.1856
0.1856
0.1856
0.1856
0.1856
0.1856
0.1856
0.1856
0.1856
0.1856
0.1856
0.1856
0.1856
0.1856
0.1856
0.1856
0.1856
0.1856
0.1856
0.1856
0.1856
0.1856
0.1856
0.1856
0.1856
0.1856
0.1856
0.1856
0.1856
0.1856
0.1856
0.1856
0.1856
0.1856
0.1856
0.1856
0.1856
0.1856
0.1856
0.1856
0.1856
0.1856
0.1856
0.1856
0.1856
0.1856
0.1856
0.1856
0.1856
0.1856
0.1856
0.1856
0.1856
0.1856
0.1856
0.1856
0.1856
0.1856
0.1856
0.1856
0.1856
0.1856
0.1856
0.1856
0.1856
0.1856
0.1856
0.1856
0.1856
0.1856
0.1856
0.1856
0.1856
0.1856
0.1856
0.1856
0.1856
0.1856
0.1856
0.1856
0.1856
0.1856
0.1856
0.1856
0.1856
0.1856
0.1856
0.1856
0.1856
0.1856
0.1856
0.1856
0.1856
0.1856
0.1856
0.1856
0.1856
0.1856
0.1856
0.1856
0.1856
0.1856
0.1861
0.1861
0.1861
0.1861
0.1861
0.1861
0.1861
0.1861
0.1861
0.1861
0.1861
0.1861
0.1861
0.1861
0.1861
0.1861
0.1861
0.1861
0.1861
0.1861
0.1861
0.1861
0.1861
0.1861
0.1861
0.1861
0.1861
0.1861
0.1861
0.1861
0.1861
0.1861
0.1861
0.1861
0.1861
0.1861
0.1861
0.1861
0.1861
0.1861
0.1861
0.1861
0.1861
0.1861
0.1861
0.1861
0.1861
0.1861
0.1861
0.1861
0.1861
0.1861
0.1861
0.1861
0.1861
0.1861
0.1861
0.1861
0.1861
0.1861
0.1861
0.1861
0.1861
0.1861
0.1861
0.1861
0.1861
0.1861
0.1861
0.1861
0.1861
0.1861
0.1861
0.1861
0.1861
0.1861
0.1861
0.1861
0.1861
0.1861
0.1861
0.1861
0.1861
0.1861
0.1861
0.1861
0.1861
0.1861
0.1861
0.1861
0.1861
0.1861
0.1861
0.1861
0.1861
0.1861
0.1861
0.1861
0.1861
0.1861
0.1861
0.1861
0.1861
0.1861
0.1861
0.1861
0.1861
0.1861
0.1861
0.1861
0.1861
0.1861
0.1866
0.1866
0.1866
0.1866
0.1866
0.1866
0.1866
0.1866
0.1866
0.1866
0.1866
0.1866
0.1866
0.1866
0.1866
0.1866
0.1866
0.1866
0.1866
0.1866
0.1866
0.1866
0.1866
0.1866
0.1866
0.1866
0.1866
0.1866
0.1866
0.1866
0.1866
0.1866
0.1866
0.1866
0.1866
0.1866
0.1866
0.1866
0.1866
0.1866
0.1866
0.1866
0.1866
0.1866
0.1866
0.1866
0.1866
0.1866
0.1866
0.1866
0.1866
0.1866
0.1866
0.1866
0.1866
0.1866
0.1866
0.1866
0.1866
0.1866
0.1866
0.1866
0.1866
0.1866
0.1866
0.1866
0.1866
0.1866
0.1866
0.1866
0.1866
0.1866
0.1866
0.1866
0.1866
0.1866
0.1866
0.1866
0.1866
0.1866
0.1866
0.1866
0.1866
0.1866
0.1866
0.1866
0.1866
0.1866
0.1866
0.1866
0.1866
0.1866
0.1866
0.1866
0.1866
0.1866
0.1866
0.1866
0.1866
0.1866
0.1866
0.1866
0.1866
0.1866
0.1871
0.1871
0.1871
0.1871
0.1871
0.1871
0.1871
0.1871
0.1871
0.1871
0.1871
0.1871
0.1871
0.1871
0.1871
0.1871
0.1871
0.1871
0.1871
0.1871
0.1871
0.1871
0.1871
0.1871
0.1871
0.1871
0.1871
0.1871
0.1871
0.1871
0.1871
0.1871
0.1871
0.1871
0.1871
0.1871
0.1871
0.1871
0.1871
0.1871
0.1871
0.1871
0.1871
0.1871
0.1871
0.1871
0.1871
0.1871
0.1871
0.1871
0.1871
0.1871
0.1871
0.1871
0.1871
0.1871
0.1871
0.1871
0.1871
0.1871
0.1871
0.1871
0.1871
0.1871
0.1871
0.1871
0.1871
0.1871
0.1871
0.1871
0.1871
0.1871
0.1871
0.1871
0.1871
0.1871
0.1871
0.1871
0.1871
0.1871
0.1871
0.1871
0.1871
0.1871
0.1871
0.1871
0.1871
0.1871
0.1871
0.1871
0.1871
0.1871
0.1871
0.1871
0.1871
0.1871
0.1871
0.1871
0.1871
0.1871
0.1871
0.1876
0.1876
0.1876
0.1876
0.1876
0.1876
0.1876
0.1876
0.1876
0.1876
0.1876
0.1876
0.1876
0.1876
0.1876
0.1876
0.1876
0.1876
0.1876
0.1876
0.1876
0.1876
0.1876
0.1876
0.1876
0.1876
0.1876
0.1876
0.1876
0.1876
0.1876
0.1876
0.1876
0.1876
0.1876
0.1876
0.1876
0.1876
0.1876
0.1876
0.1876
0.1876
0.1876
0.1876
0.1876
0.1876
0.1876
0.1876
0.1876
0.1876
0.1876
0.1876
0.1876
0.1876
0.1876
0.1876
0.1876
0.1876
0.1876
0.1876
0.1876
0.1876
0.1876
0.1876
0.1876
0.1876
0.1876
0.1876
0.1876
0.1876
0.1876
0.1876
0.1876
0.1876
0.1876
0.1876
0.1876
0.1876
0.1876
0.1876
0.1876
0.1876
0.1876
0.1876
0.1876
0.1876
0.1876
0.1876
0.1876
0.1876
0.1876
0.1876
0.1876
0.1876
0.1876
0.1876
0.1876
0.1876
0.1876
0.1876
0.1876
0.1881
0.1881
0.1881
0.1881
0.1881
0.1881
0.1881
0.1881
0.1881
0.1881
0.1881
0.1881
0.1881
0.1881
0.1881
0.1881
0.1881
0.1881
0.1881
0.1881
0.1881
0.1881
0.1881
0.1881
0.1881
0.1881
0.1881
0.1881
0.1881
0.1881
0.1881
0.1881
0.1881
0.1881
0.1881
0.1881
0.1881
0.1881
0.1881
0.1881
0.1881
0.1881
0.1881
0.1881
0.1881
0.1881
0.1881
0.1881
0.1881
0.1881
0.1881
0.1881
0.1881
0.1881
0.1881
0.1881
0.1881
0.1881
0.1881
0.1881
0.1881
0.1881
0.1881
0.1881
0.1881
0.1881
0.1881
0.1881
0.1881
0.1881
0.1881
0.1881
0.1881
0.1881
0.1881
0.1881
0.1881
0.1881
0.1881
0.1881
0.1881
0.1881
0.1881
0.1881
0.1881
0.1881
0.1881
0.1881
0.1881
0.1886
0.1886
0.1886
0.1886
0.1886
0.1886
0.1886
0.1886
0.1886
0.1886
0.1886
0.1886
0.1886
0.1886
0.1886
0.1886
0.1886
0.1886
0.1886
0.1886
0.1886
0.1886
0.1886
0.1886
0.1886
0.1886
0.1886
0.1886
0.1886
0.1886
0.1886
0.1886
0.1886
0.1886
0.1886
0.1886
0.1886
0.1886
0.1886
0.1886
0.1886
0.1886
0.1886
0.1886
0.1886
0.1886
0.1886
0.1886
0.1886
0.1886
0.1886
0.1886
0.1886
0.1886
0.1886
0.1886
0.1886
0.1886
0.1886
0.1886
0.1886
0.1886
0.1886
0.1886
0.1886
0.1886
0.1886
0.1886
0.1886
0.1886
0.1886
0.1886
0.1886
0.1886
0.1886
0.1886
0.1886
0.1886
0.1886
0.1886
0.1886
0.1886
0.1886
0.1886
0.1891
0.1891
0.1891
0.1891
0.1891
0.1891
0.1891
0.1891
0.1891
0.1891
0.1891
0.1891
0.1891
0.1891
0.1891
0.1891
0.1891
0.1891
0.1891
0.1891
0.1891
0.1891
0.1891
0.1891
0.1891
0.1891
0.1891
0.1891
0.1891
0.1891
0.1891
0.1891
0.1891
0.1891
0.1891
0.1891
0.1891
0.1891
0.1891
0.1891
0.1891
0.1891
0.1891
0.1891
0.1891
0.1891
0.1891
0.1891
0.1891
0.1891
0.1891
0.1891
0.1891
0.1891
0.1891
0.1891
0.1891
0.1891
0.1891
0.1891
0.1891
0.1891
0.1891
0.1891
0.1891
0.1891
0.1891
0.1891
0.1891
0.1891
0.1891
0.1891
0.1891
0.1891
0.1896
0.1896
0.1896
0.1896
0.1896
0.1896
0.1896
0.1896
0.1896
0.1896
0.1896
0.1896
0.1896
0.1896
0.1896
0.1896
0.1896
0.1896
0.1896
0.1896
0.1896
0.1896
0.1896
0.1896
0.1896
0.1896
0.1896
0.1896
0.1896
0.1896
0.1896
0.1896
0.1896
0.1896
0.1896
0.1896
0.1896
0.1896
0.1896
0.1896
0.1896
0.1896
0.1896
0.1896
0.1896
0.1896
0.1896
0.1896
0.1896
0.1896
0.1896
0.1896
0.1896
0.1896
0.1896
0.1896
0.1896
0.1896
0.1896
0.1896
0.1896
0.1896
0.1896
0.1896
0.1896
0.1896
0.1896
0.1896
0.1896
0.1896
0.1896
0.1896
0.1896
0.1901
0.1901
0.1901
0.1901
0.1901
0.1901
0.1901
0.1901
0.1901
0.1901
0.1901
0.1901
0.1901
0.1901
0.1901
0.1901
0.1901
0.1901
0.1901
0.1901
0.1901
0.1901
0.1901
0.1901
0.1901
0.1901
0.1901
0.1901
0.1901
0.1901
0.1901
0.1901
0.1901
0.1901
0.1901
0.1901
0.1901
0.1901
0.1901
0.1901
0.1901
0.1901
0.1901
0.1901
0.1901
0.1901
0.1901
0.1901
0.1901
0.1901
0.1901
0.1901
0.1901
0.1901
0.1901
0.1901
0.1901
0.1901
0.1901
0.1901
0.1901
0.1901
0.1901
0.1901
0.1901
0.1901
0.1901
0.1901
0.1901
0.1901
0.1906
0.1906
0.1906
0.1906
0.1906
0.1906
0.1906
0.1906
0.1906
0.1906
0.1906
0.1906
0.1906
0.1906
0.1906
0.1906
0.1906
0.1906
0.1906
0.1906
0.1906
0.1906
0.1906
0.1906
0.1906
0.1906
0.1906
0.1906
0.1906
0.1906
0.1906
0.1906
0.1906
0.1906
0.1906
0.1906
0.1906
0.1906
0.1906
0.1906
0.1906
0.1906
0.1906
0.1906
0.1906
0.1906
0.1906
0.1906
0.1906
0.1906
0.1906
0.1906
0.1906
0.1906
0.1906
0.1906
0.1906
0.1906
0.1906
0.1906
0.1911
0.1911
0.1911
0.1911
0.1911
0.1911
0.1911
0.1911
0.1911
0.1911
0.1911
0.1911
0.1911
0.1911
0.1911
0.1911
0.1911
0.1911
0.1911
0.1911
0.1911
0.1911
0.1911
0.1911
0.1911
0.1911
0.1911
0.1911
0.1911
0.1911
0.1911
0.1911
0.1911
0.1911
0.1911
0.1911
0.1911
0.1911
0.1911
0.1911
0.1911
0.1911
0.1911
0.1911
0.1911
0.1911
0.1911
0.1911
0.1911
0.1911
0.1911
0.1911
0.1911
0.1911
0.1911
0.1916
0.1916
0.1916
0.1916
0.1916
0.1916
0.1916
0.1916
0.1916
0.1916
0.1916
0.1916
0.1916
0.1916
0.1916
0.1916
0.1916
0.1916
0.1916
0.1916
0.1916
0.1916
0.1916
0.1916
0.1916
0.1916
0.1916
0.1916
0.1916
0.1916
0.1916
0.1916
0.1916
0.1916
0.1916
0.1916
0.1916
0.1916
0.1916
0.1916
0.1916
0.1916
0.1916
0.1916
0.1916
0.1916
0.1916
0.1916
0.1921
0.1921
0.1921
0.1921
0.1921
0.1921
0.1921
0.1921
0.1921
0.1921
0.1921
0.1921
0.1921
0.1921
0.1921
0.1921
0.1921
0.1921
0.1921
0.1921
0.1921
0.1921
0.1921
0.1921
0.1921
0.1921
0.1921
0.1921
0.1921
0.1921
0.1921
0.1921
0.1921
0.1921
0.1921
0.1921
0.1921
0.1921
0.1921
0.1921
0.1921
0.1921
0.1921
0.1921
0.1921
0.1926
0.1926
0.1926
0.1926
0.1926
0.1926
0.1926
0.1926
0.1926
0.1926
0.1926
0.1926
0.1926
0.1926
0.1926
0.1926
0.1926
0.1926
0.1926
0.1926
0.1926
0.1926
0.1926
0.1926
0.1926
0.1926
0.1926
0.1926
0.1926
0.1926
0.1926
0.1926
0.1926
0.1926
0.1926
0.1926
0.1926
0.1926
0.1926
0.1926
0.1926
0.1926
0.1931
0.1931
0.1931
0.1931
0.1931
0.1931
0.1931
0.1931
0.1931
0.1931
0.1931
0.1931
0.1931
0.1931
0.1931
0.1931
0.1931
0.1931
0.1931
0.1931
0.1931
0.1931
0.1931
0.1931
0.1931
0.1931
0.1931
0.1931
0.1931
0.1931
0.1931
0.1931
0.1931
0.1931
0.1931
0.1931
0.1931
0.1936
0.1936
0.1936
0.1936
0.1936
0.1936
0.1936
0.1936
0.1936
0.1936
0.1936
0.1936
0.1936
0.1936
0.1936
0.1936
0.1936
0.1936
0.1936
0.1936
0.1936
0.1936
0.1936
0.1936
0.1936
0.1936
0.1936
0.1936
0.1936
0.1936
0.1936
0.1936
0.1936
0.1936
0.1936
0.1936
0.1936
0.1936
0.1941
0.1941
0.1941
0.1941
0.1941
0.1941
0.1941
0.1941
0.1941
0.1941
0.1941
0.1941
0.1941
0.1941
0.1941
0.1941
0.1941
0.1941
0.1941
0.1941
0.1941
0.1941
0.1941
0.1941
0.1941
0.1941
0.1941
0.1941
0.1941
0.1941
0.1941
0.1941
0.1941
0.1941
0.1941
0.1941
0.1946
0.1946
0.1946
0.1946
0.1946
0.1946
0.1946
0.1946
0.1946
0.1946
0.1946
0.1946
0.1946
0.1946
0.1946
0.1946
0.1946
0.1946
0.1946
0.1946
0.1946
0.1946
0.1946
0.1946
0.1946
0.1946
0.1946
0.1946
0.1946
0.1946
0.1946
0.1946
0.1946
0.1951
0.1951
0.1951
0.1951
0.1951
0.1951
0.1951
0.1951
0.1951
0.1951
0.1951
0.1951
0.1951
0.1951
0.1951
0.1951
0.1951
0.1951
0.1951
0.1951
0.1951
0.1951
0.1951
0.1951
0.1951
0.1951
0.1956
0.1956
0.1956
0.1956
0.1956
0.1956
0.1956
0.1956
0.1956
0.1956
0.1956
0.1956
0.1956
0.1956
0.1956
0.1956
0.1956
0.1956
0.1956
0.1956
0.1956
0.1956
0.1956
0.1956
0.1956
0.1956
0.1961
0.1961
0.1961
0.1961
0.1961
0.1961
0.1961
0.1961
0.1961
0.1961
0.1961
0.1961
0.1961
0.1961
0.1961
0.1961
0.1961
0.1961
0.1961
0.1961
0.1961
0.1961
0.1961
0.1961
0.1961
0.1961
0.1961
0.1961
0.1961
0.1966
0.1966
0.1966
0.1966
0.1966
0.1966
0.1966
0.1966
0.1966
0.1966
0.1966
0.1966
0.1966
0.1966
0.1966
0.1966
0.1966
0.1966
0.1966
0.1966
0.1966
0.1966
0.1966
0.1966
0.1971
0.1971
0.1971
0.1971
0.1971
0.1971
0.1971
0.1971
0.1971
0.1971
0.1971
0.1971
0.1971
0.1971
0.1971
0.1971
0.1971
0.1971
0.1971
0.1971
0.1971
0.1971
0.1976
0.1976
0.1976
0.1976
0.1976
0.1976
0.1976
0.1976
0.1976
0.1976
0.1976
0.1976
0.1976
0.1976
0.1976
0.1976
0.1976
0.1976
0.1981
0.1981
0.1981
0.1981
0.1981
0.1981
0.1981
0.1981
0.1981
0.1981
0.1981
0.1981
0.1981
0.1981
0.1981
0.1981
0.1981
0.1981
0.1981
0.1981
0.1986
0.1986
0.1986
0.1986
0.1986
0.1986
0.1986
0.1986
0.1986
0.1986
0.1986
0.1986
0.1986
0.1986
0.1986
0.1986
0.1986
0.1986
0.1986
0.1991
0.1991
0.1991
0.1991
0.1991
0.1991
0.1991
0.1991
0.1991
0.1991
0.1991
0.1991
0.1991
0.1991
0.1991
0.1991
0.1991
0.1996
0.1996
0.1996
0.1996
0.1996
0.1996
0.1996
0.1996
0.1996
0.1996
0.1996
0.1996
0.1996
0.1996
0.1996
0.2001
0.2001
0.2001
0.2001
0.2001
0.2001
0.2001
0.2001
0.2001
0.2001
0.2001
0.2001
0.2006
0.2006
0.2006
0.2006
0.2006
0.2006
0.2006
0.2006
0.2006
0.2006
0.2006
0.2006
0.2011
0.2011
0.2011
0.2011
0.2011
0.2011
0.2011
0.2011
0.2011
0.2011
0.2011
0.2011
0.2011
0.2016
0.2016
0.2016
0.2016
0.2016
0.2016
0.2016
0.2016
0.2016
0.2016
0.2016
0.2021
0.2021
0.2021
0.2021
0.2021
0.2021
0.2021
0.2021
0.2021
0.2021
0.2021
0.2026
0.2026
0.2026
0.2026
0.2026
0.2026
0.2026
0.2026
0.2026
0.2026
0.2031
0.2031
0.2031
0.2031
0.2031
0.2031
0.2031
0.2031
0.2031
0.2035
0.2035
0.2035
0.2035
0.2035
0.2035
0.2035
0.2035
0.204
0.204
0.204
0.204
0.204
0.204
0.204
0.204
0.204
0.2045
0.2045
0.2045
0.2045
0.2045
0.2045
0.2045
0.2045
0.2051
0.2051
0.2051
0.2051
0.2051
0.2051
0.2051
0.2051
0.2051
0.2051
0.2056
0.2056
0.2056
0.2056
0.2056
0.2056
0.2056
0.2056
0.2061
0.2061
0.2061
0.2061
0.2061
0.2061
0.2061
0.2066
0.2066
0.2066
0.2066
0.2066
0.2066
0.2066
0.2071
0.2071
0.2071
0.2071
0.2071
0.2071
0.2071
0.2071
0.2076
0.2076
0.2076
0.2076
0.2076
0.2076
0.2081
0.2081
0.2081
0.2081
0.2081
0.2081
0.2081
0.2086
0.2086
0.2086
0.2086
0.2086
0.2091
0.2091
0.2091
0.2091
0.2091
0.2091
0.2096
0.2096
0.2096
0.2096
0.2096
0.2096
0.2101
0.2101
0.2101
0.2101
0.2101
0.2101
0.2106
0.2106
0.2106
0.2106
0.2106
0.2106
0.2106
0.2111
0.2111
0.2111
0.2111
0.2111
0.2111
0.2111
0.2116
0.2116
0.2116
0.2116
0.2121
0.2121
0.2121
0.2121
0.2121
0.2121
0.2126
0.2126
0.2126
0.2126
0.2126
0.2126
0.2126
0.2131
0.2131
0.2131
0.2131
0.2131
0.2136
0.2136
0.2136
0.2136
0.2136
0.2136
0.2141
0.2141
0.2141
0.2141
0.2141
0.2141
0.2146
0.2146
0.2146
0.2146
0.2146
0.2151
0.2151
0.2151
0.2151
0.2151
0.2151
0.2156
0.2156
0.2156
0.2156
0.2156
0.2156
0.2161
0.2161
0.2161
0.2161
0.2161
0.2166
0.2166
0.2166
0.2166
0.2166
0.2171
0.2171
0.2171
0.2171
0.2171
0.2176
0.2176
0.2176
0.2176
0.2181
0.2181
0.2181
0.2181
0.2181
0.2186
0.2186
0.2186
0.2191
0.2191
0.2191
0.2191
0.2191
0.2196
0.2196
0.2196
0.2196
0.2201
0.2201
0.2201
0.2206
0.2206
0.2206
0.2206
0.2211
0.2211
0.2211
0.2216
0.2216
0.2216
0.2221
0.2221
0.2221
0.2221
0.2221
0.2226
0.2226
0.2231
0.2231
0.2231
0.2236
0.2236
0.2236
0.2241
0.2241
0.2241
0.2246
0.2246
0.2251
0.2251
0.2251
0.2256
0.2256
0.2256
0.2261
0.2261
0.2266
0.2266
0.2271
0.2271
0.2271
0.2276
0.2276
0.2281
0.2286
0.2286
0.2291
0.2296
0.2296
0.2301
0.2306
0.2311
0.2311
0.2311
0.2316
0.2321
0.2326
0.2331
0.2336
0.2341
0.2345
0.235
0.2355
0.236
0.237
0.2376
0.2386
0.2401
0.2406
0.2411
0.2426
0.2436
0.2451
0.2466
0.2481
0.2506
0.2531
0.2566
0.2601
0.2656
0.2756
0.3806
0.4266
0.4811
