2.09515
2.46075
2.58105
2.6344
2.6549
2.67965
2.69555
2.70505
2.71435
2.72105
2.7266
2.73115
2.73785
2.7401
2.74455
2.74475
2.74745
2.74885
2.7509
2.75565
2.7569
2.75745
2.7587
2.75925
2.7603
2.7607
2.7618
2.7628
2.7628
2.7643
2.7643
2.7648
2.7656
2.76635
2.76635
2.76675
2.76675
2.7676
2.76785
2.76785
2.76835
2.7688
2.76895
2.76895
2.76895
2.76905
2.76935
2.76935
2.76935
2.7694
2.76965
2.76975
2.76985
2.7699
2.77025
2.77025
2.77045
2.7706
2.7706
2.77085
2.77085
2.7715
2.7715
2.77155
2.77155
2.77155
2.77185
2.77215
2.77215
2.77245
2.77255
2.77255
2.77255
2.77285
2.77285
2.77285
2.773
2.7732
2.7732
2.77335
2.7736
2.77375
2.77375
2.7738
2.774
2.774
2.77405
2.77405
2.77415
2.77425
2.77465
2.77465
2.77465
2.77475
2.77475
2.77475
2.77475
2.7808
2.82875
2.82875
2.82875
2.82875
2.82875
2.82875
2.82875
2.85745
2.88745
2.9595
2.9595
2.9595
2.9595
2.9595
2.9595
2.96725
2.9832
2.99805
2.99805
3.0314
3.0428
3.0428
3.0484
3.06595
3.06595
3.06595
3.07795
3.09325
3.1365
3.1365
3.1365
3.14575
3.14575
3.14575
3.1638
3.2179
3.2179
3.2313
3.235
3.2452
3.26015
3.26015
3.30125
3.30125
3.3023
3.3023
3.3023
3.3023
3.3452
3.37385
3.37385
3.37385
3.37385
3.37385
3.37385
3.37385
3.3984
3.3984
3.4209
3.42675
3.42675
3.42675
3.46095
3.46095
3.46095
3.4634
3.4769
3.4769
3.4769
3.50495
3.50495
3.52865
3.54555
3.5612
3.5612
3.5612
3.5612
3.5612
3.60335
3.60335
3.60335
3.60335
3.60335
3.60895
3.6709
3.6709
3.6709
3.6709
3.7074
3.7074
3.7074
3.7074
3.7074
3.7074
3.7074
3.7074
3.7074
3.7336
3.7336
3.7336
3.7336
3.7341
3.7341
3.7341
3.79255
3.79255
3.79255
3.79255
3.79255
3.8295
3.8295
3.8295
3.8295
3.8436
3.8436
3.8436
3.8436
3.8436
3.85465
3.85465
3.90965
3.90965
3.90965
3.90965
3.90965
3.90965
3.91175
3.91175
3.91175
3.91175
3.9172
3.94395
3.94395
3.98115
3.98115
3.98115
3.98115
3.98115
3.98115
3.99425
3.99425
3.99425
3.99895
3.99895
4.03815
4.03815
4.03815
4.03815
4.03815
4.03815
4.0804
4.10015
4.10015
4.10015
4.10015
4.10015
4.10015
4.10015
4.13215
4.13215
4.13215
4.13215
4.13215
4.13215
4.16715
4.16715
4.16715
4.16715
4.16715
4.16715
4.1898
4.1898
4.1898
4.1898
4.25215
4.25215
4.25215
4.25215
4.25215
4.25215
4.25215
4.25215
4.25215
4.25215
4.25215
4.25215
4.25215
4.29095
4.29095
4.29095
4.29095
4.29095
4.29095
4.29095
4.3015
4.3015
4.3015
4.3015
4.3015
4.30795
4.30795
4.30795
4.3311
4.3311
4.3311
4.34195
4.3537
4.3537
4.3537
4.38425
4.38425
4.38425
4.3843
4.3843
4.3843
4.3843
4.3843
4.3843
4.3843
4.38685
4.38685
4.3908
4.3908
4.39545
4.39545
4.4754
4.4754
4.4754
4.4754
4.4754
4.4754
4.48
4.48
4.48
4.48
4.48
4.48
4.48
4.48
4.48
4.48
4.51905
4.51905
4.51905
4.51905
4.51905
4.51905
4.51905
4.5485
4.5485
4.5485
4.5485
4.5485
4.55915
4.55915
4.55915
4.55915
4.55915
4.55915
4.55915
4.55915
4.55915
4.5599
4.61205
4.61205
4.61205
4.61205
4.61205
4.61205
4.61205
4.62875
4.62875
4.63635
4.63635
4.63635
4.65245
4.65245
4.65245
4.65245
4.65245
4.65245
4.65245
4.65245
4.65245
4.65245
4.65245
4.65245
4.65245
4.6778
4.6778
4.6778
4.6778
4.6778
4.67975
4.67975
4.67975
4.70515
4.70515
4.70515
4.71195
4.71195
4.71195
4.71195
4.71195
4.71835
4.75685
4.75685
4.75685
4.75685
4.75685
4.77055
4.77055
4.77055
4.77055
4.77055
4.77055
4.7712
4.7712
4.7712
4.7825
4.7825
4.7825
4.7945
4.7945
4.7945
4.7945
4.7945
4.7945
4.7945
4.798
4.798
4.798
4.798
4.798
4.798
4.82125
4.83005
4.83005
4.8353
4.8388
4.8388
4.8388
4.8619
4.8619
4.8619
4.8619
4.8619
4.8619
4.8836
4.8836
4.8836
4.8836
4.89235
4.89235
4.89235
4.9063
4.9063
4.9098
4.9098
4.9098
4.9098
4.9098
4.9098
4.9098
4.93065
4.93065
4.95645
4.95645
4.9719
4.9719
4.9719
4.9719
4.9719
4.9719
4.9893
4.9893
4.9893
4.9893
4.9893
4.9893
4.9893
4.9893
4.9893
4.99835
4.99835
4.99835
4.99835
4.99835
5.01605
5.01605
5.01605
5.0262
5.0262
5.0262
5.0262
5.0262
5.0262
5.0262
5.0262
5.0262
5.0262
5.03035
5.03035
5.03855
5.03855
5.03855
5.03855
5.03855
5.0534
5.0534
5.0534
5.0534
5.0534
5.0534
5.0648
5.0648
5.0648
5.0648
5.0648
5.0648
5.09595
5.09595
5.09595
5.09595
5.09595
5.09595
5.09595
5.09595
5.09595
5.09595
5.0987
5.11765
5.13735
5.13735
5.13735
5.13735
5.13735
5.13735
5.13735
5.16165
5.16165
5.16695
5.16695
5.16695
5.16695
5.16695
5.16695
5.16695
5.16695
5.16695
5.16695
5.1744
5.1744
5.1744
5.2112
5.2112
5.2112
5.2112
5.2112
5.2112
5.2112
5.2112
5.2112
5.2112
5.2112
5.2112
5.2112
5.2112
5.2112
5.2112
5.2112
5.2112
5.2112
5.2112
5.24885
5.24885
5.25795
5.25795
5.25795
5.25795
5.2611
5.2611
5.2611
5.2611
5.2611
5.2611
5.2611
5.2611
5.2611
5.2611
5.2611
5.2611
5.27655
5.27655
5.27655
5.27655
5.27655
5.27655
5.27655
5.27655
5.28785
5.31675
5.31675
5.31675
5.31675
5.32135
5.32135
5.32135
5.32135
5.32135
5.32135
5.32135
5.32135
5.32135
5.35625
5.35625
5.35625
5.35625
5.35625
5.35625
5.35625
5.35625
5.35625
5.35625
5.35625
5.3761
5.3761
5.3761
5.3761
5.3761
5.3761
5.3761
5.3761
5.3761
5.3761
5.3761
5.39155
5.39155
5.39155
5.39155
5.39155
5.39155
5.39155
5.39155
5.39155
5.39155
5.39155
5.39155
5.39155
5.39155
5.41285
5.41285
5.41285
5.41285
5.42295
5.42295
5.42295
5.42295
5.42295
5.42945
5.42945
5.42945
5.42945
5.42945
5.42945
5.42945
5.4456
5.4456
5.4456
5.4456
5.4456
5.4456
5.4647
5.4647
5.4771
5.4771
5.4771
5.4771
5.4771
5.4771
5.4771
5.4771
5.4771
5.4771
5.4771
5.4771
5.4771
5.4771
5.4771
5.4771
5.4771
5.52445
5.52445
5.52445
5.52445
5.52765
5.52765
5.52765
5.52765
5.52765
5.52765
5.52765
5.52765
5.52765
5.52765
5.52765
5.52765
5.52765
5.53155
5.53155
5.53155
5.53155
5.58775
5.58775
5.58775
5.58775
5.58775
5.58775
5.58775
5.58775
5.58775
5.58775
5.58775
5.58775
5.58775
5.58775
5.58775
5.58775
5.58775
5.58775
5.58775
5.58775
5.58775
5.58775
5.58775
5.58775
5.58775
5.58775
5.58775
5.5909
5.5909
5.5909
5.5909
5.5909
5.5909
5.5909
5.5978
5.5978
5.5978
5.5978
5.5978
5.5978
5.5978
5.6104
5.6104
5.615
5.615
5.615
5.615
5.615
5.615
5.615
5.615
5.615
5.615
5.615
5.62235
5.62235
5.62235
5.62235
5.63225
5.63225
5.63225
5.63225
5.63225
5.72945
5.72945
5.72945
5.72945
5.72945
5.72945
5.72945
5.72945
5.72945
5.72945
5.72945
5.72945
5.72945
5.72945
5.72945
5.72945
5.72945
5.72945
5.72945
5.72945
5.72945
5.72945
5.72945
5.72945
5.72945
5.72945
5.72945
5.72945
5.72945
5.72945
5.72945
5.72945
5.72945
5.72945
5.72945
5.72945
5.72945
5.72945
5.72945
5.72945
5.72945
5.735
5.735
5.735
5.735
5.735
5.735
5.735
5.735
5.735
5.735
5.735
5.735
5.735
5.735
5.73785
5.73785
5.73785
5.73785
5.73785
5.73785
5.73785
5.73785
5.73785
5.7589
5.7589
5.7589
5.7589
5.77855
5.77855
5.77855
5.77855
5.77855
5.77855
5.77855
5.77855
5.77855
5.7823
5.7823
5.7823
5.7823
5.7823
5.7823
5.7823
5.7823
5.7823
5.78685
5.78685
5.78685
5.78685
5.78685
5.78685
5.8164
5.8164
5.8164
5.8164
5.8164
5.8164
5.8164
5.8164
5.82345
5.82345
5.82345
5.82345
5.82345
5.82345
5.82345
5.82345
5.82345
5.82345
5.82345
5.82345
5.82345
5.82345
5.82345
5.82345
5.8605
5.8605
5.8605
5.8605
5.8605
5.8605
5.8605
5.8605
5.8605
5.8605
5.8605
5.8605
5.8605
5.8605
5.8605
5.8605
5.8605
5.8605
5.8605
5.8605
5.8605
5.8605
5.8649
5.8649
5.86905
5.86905
5.86905
5.9189
5.9189
5.9189
5.9189
5.9189
5.9189
5.9189
5.9189
5.9189
5.9189
5.9189
5.9189
5.9189
5.9189
5.92865
5.92865
5.92865
5.92865
5.92865
5.92865
5.92865
5.92865
5.92865
5.92865
5.92865
5.92865
5.92865
5.92865
5.92865
5.92865
5.92865
5.92865
5.92865
5.94065
5.94065
5.94065
5.94065
5.94065
5.94065
5.94065
5.94505
5.94505
5.94505
5.94505
5.94505
5.94505
5.94505
5.94505
5.9597
5.9597
5.9597
5.9597
5.9597
5.96575
5.96575
5.96575
5.96575
5.97015
5.97015
5.97015
5.97015
6.0098
6.0098
6.0098
6.0098
6.0098
6.0098
6.0098
6.0098
6.0098
6.0098
6.0098
6.0098
6.0098
6.0098
6.0098
6.0195
6.0195
6.0195
6.0195
6.0195
6.0195
6.0195
6.0195
6.0195
