2.5899
2.73635
2.8092
2.8543
2.88965
2.91535
2.94035
2.9686
2.98105
2.99815
3.00055
3.0149
3.018
3.03655
3.0458
3.05655
3.06065
3.06915
3.08155
3.0823
3.0861
3.0949
3.10235
3.1053
3.1076
3.1097
3.11295
3.12365
3.13025
3.13275
3.1422
3.1422
3.14455
3.1493
3.1555
3.1575
3.1593
3.16185
3.16715
3.16715
3.17755
3.17755
3.1795
3.17955
3.18255
3.18655
3.18655
3.18835
3.18875
3.19045
3.19245
3.19245
3.19355
3.1984
3.20645
3.20645
3.20645
3.20645
3.21425
3.21425
3.21425
3.2194
3.2194
3.2194
3.2194
3.22675
3.2349
3.2349
3.2349
3.23525
3.23825
3.23825
3.24305
3.24305
3.24775
3.24775
3.25075
3.2526
3.2526
3.2526
3.2583
3.2583
3.2583
3.2583
3.25915
3.26485
3.26485
3.26485
3.26795
3.26795
3.2725
3.2725
3.2725
3.2725
3.3078
3.3078
3.3078
3.3078
3.3078
3.3078
3.3842
3.4129
3.4129
3.4129
3.43475
3.43475
3.4742
3.48385
3.48385
3.50215
3.50215
3.5576
3.5808
3.5808
3.5899
3.5899
3.5899
3.61245
3.61245
3.6911
3.6911
3.6911
3.6911
3.71255
3.71255
3.71255
3.7209
3.7209
3.7322
3.8355
3.8355
3.85555
3.85555
3.85555
3.85555
3.85555
3.86325
3.86325
3.8646
3.8646
3.94005
3.94005
3.94005
3.9707
3.9707
3.9707
3.9707
4.0636
4.0636
4.0636
4.0636
4.0636
4.0999
4.0999
4.0999
4.0999
4.0999
4.0999
4.0999
4.12045
4.12045
4.12045
4.12045
4.17045
4.17045
4.17045
4.2036
4.2036
4.24995
4.24995
4.2544
4.2544
4.2544
4.2544
4.29985
4.29985
4.3954
4.3954
4.3954
4.3954
4.3954
4.3954
4.3954
4.3954
4.3954
4.42405
4.42405
4.42405
4.42405
4.45
4.45
4.45
4.45
4.45
4.49175
4.49175
4.49175
4.5055
4.5055
4.5055
4.5055
4.51035
4.51035
4.5161
4.5161
4.5161
4.55105
4.55365
4.5924
4.5924
4.5924
4.6294
4.6294
4.67185
4.67185
4.67185
4.67185
4.67185
4.67185
4.67185
4.67185
4.67185
4.6785
4.6785
4.6785
4.6785
4.6785
4.74615
4.77
4.77
4.77
4.77
4.77
4.77
4.77
4.77
4.77
4.80835
4.80835
4.80835
4.81155
4.81155
4.8265
4.8265
4.8517
4.8517
4.8517
4.8517
4.8517
4.88545
4.88545
4.88545
4.91685
4.91685
4.93825
4.96935
4.96935
4.96935
4.96935
4.96935
4.96935
4.96935
4.96935
5.0176
5.0176
5.0176
5.0176
5.0176
5.0176
5.08745
5.08745
5.08745
5.08745
5.08745
5.08745
5.08745
5.08745
5.08745
5.08745
5.08745
5.0927
5.0927
5.0927
5.0927
5.10235
5.16155
5.16155
5.16155
5.16155
5.16155
5.16155
5.16155
5.16155
5.16155
5.16435
5.1667
5.1667
5.23015
5.23015
5.23015
5.23015
5.23015
5.23015
5.23015
5.23015
5.23015
5.23015
5.26855
5.26855
5.26855
5.26855
5.26855
5.26855
5.2871
5.2871
5.2871
5.2871
5.2871
5.2871
5.2871
5.2871
5.301
5.301
5.34405
5.34405
5.34405
5.34405
5.34405
5.36615
5.36615
5.3925
5.3925
5.3925
5.3925
5.3925
5.3986
5.3986
5.3986
5.3986
5.3986
5.4012
5.4012
5.4012
5.4085
5.46695
5.46695
5.46695
5.46695
5.46695
5.46695
5.46695
5.46695
5.46695
5.46695
5.46695
5.46695
5.46695
5.46695
5.47505
5.47505
5.47505
5.47505
5.47505
5.47505
5.47505
5.48685
5.48685
5.50575
5.50575
5.5508
5.5508
5.5508
5.5508
5.5508
5.5508
5.5895
5.5895
5.62815
5.62815
5.62815
5.62815
5.62815
5.63135
5.63135
5.63135
5.63135
5.6515
5.6515
5.6515
5.6515
5.6613
5.6613
5.6613
5.6613
5.6613
5.66215
5.66215
5.713
5.713
5.713
5.713
5.713
5.713
5.713
5.713
5.713
5.713
5.73485
5.73485
5.73485
5.73485
5.73485
5.73485
5.73485
5.73485
5.75585
5.75585
5.75585
5.75585
5.75585
5.75585
5.75585
5.75585
5.7559
5.7559
5.7559
5.7843
5.7843
5.7843
5.7843
5.7843
5.78655
5.80905
5.80905
5.80905
5.80905
5.80905
5.80905
5.84445
5.84445
5.84445
5.84445
5.84445
5.84445
5.84445
5.8598
5.87475
5.87475
5.87475
5.87475
5.8753
5.8753
5.8753
5.8753
5.8753
5.8753
5.8753
5.8753
5.91995
5.91995
5.9559
5.9559
5.9559
5.9559
5.9559
5.9559
5.9559
5.9559
5.9559
5.9559
5.9559
5.9559
5.9559
5.9559
5.9559
5.9605
5.9605
5.9605
6.0113
6.0113
6.0476
6.0476
6.0476
6.0476
6.0476
6.0476
6.0476
6.0476
6.0476
6.0476
6.0476
6.0476
6.0476
6.0476
6.0476
6.0476
6.0476
6.0476
6.0476
6.0476
6.0476
6.0476
6.05355
6.05355
6.05355
6.06465
6.06465
6.06465
6.06465
6.06465
6.06465
6.06465
6.06465
6.06465
6.1214
6.1214
6.1214
6.1214
6.1214
6.1214
6.1336
6.1336
6.1336
6.1336
6.1336
6.1336
6.1336
6.1336
6.13405
6.13405
6.16985
6.16985
6.16985
6.16985
6.16985
6.16985
6.16985
6.16985
6.16985
6.16985
6.16985
6.16985
6.16985
6.16985
6.16985
6.16985
6.16985
6.16985
6.18075
6.18075
6.18075
6.18075
6.2089
6.2089
6.2089
6.2089
6.2089
6.2089
6.2089
6.209
6.209
6.22525
6.25305
6.25305
6.25305
6.25305
6.25305
6.25305
6.25305
6.25305
6.2711
6.2711
6.2711
6.29215
6.29215
6.29215
6.29215
6.29215
6.29215
6.29215
6.29215
6.29215
6.29215
6.29215
6.29215
6.29215
6.29215
6.30505
6.30505
6.30505
6.30505
6.3128
6.32145
6.32145
6.32145
6.3672
6.3672
6.3672
6.3672
6.3672
6.3672
6.3672
6.3672
6.3901
6.3901
6.3901
6.3901
6.3901
6.3901
6.3901
6.3901
6.3901
6.3901
6.3901
6.4348
6.4348
6.4348
6.4348
6.4348
6.4348
6.4348
6.4348
6.4348
6.4348
6.4348
6.4348
6.4348
6.4348
6.4348
6.4348
6.44405
6.44405
6.44405
6.44405
6.45705
6.45705
6.45705
6.47935
6.47935
6.47935
6.47935
6.47935
6.47935
6.47935
6.47935
6.47935
6.47935
6.47935
6.47935
6.47935
6.47935
6.48665
6.48665
6.48665
6.48665
6.48665
6.48665
6.48665
6.48665
6.50405
6.50405
6.5274
6.5274
6.5274
6.5274
6.5531
6.5531
6.5531
6.5531
6.5531
6.5531
6.5531
6.5531
6.59
6.59
6.59
6.59
6.59
6.59
6.59
6.59
6.59
6.59
6.5921
6.5921
6.5921
6.5921
6.5921
6.5921
6.5921
6.5921
6.5921
6.5921
6.6232
6.6232
6.6253
6.6253
6.6253
6.6253
6.6253
6.6253
6.64145
6.64145
6.64145
6.654
6.654
6.654
6.654
6.654
6.654
6.654
6.654
6.654
6.654
6.654
6.654
6.654
6.654
6.654
6.6893
6.6893
6.6893
6.6893
6.6893
6.6893
6.6893
6.6917
6.6917
6.6917
6.6917
6.6917
6.6917
6.6917
6.6917
6.6917
6.6917
6.70015
6.70015
6.70015
6.70015
6.70015
6.70015
6.70015
6.72995
6.72995
6.72995
6.72995
6.72995
6.72995
6.72995
6.74455
6.74455
6.74455
6.74455
6.74455
6.74455
6.74455
6.75325
6.75325
6.75325
6.75325
6.75325
6.75325
6.75325
6.75325
6.75325
6.75325
6.77895
6.77895
6.77895
6.77895
6.77895
6.77895
6.83855
6.83855
6.83855
6.83855
6.83855
6.83855
6.83855
6.83855
6.83855
6.83855
6.83855
6.83855
6.83855
6.83855
6.83855
6.83855
6.83855
6.83855
6.83855
6.83855
6.83855
6.83985
6.83985
6.83985
6.83985
6.83985
6.83985
6.83985
6.83985
6.83985
6.83985
6.83985
6.83985
6.83985
6.83985
6.8482
6.8482
6.8482
6.8482
6.8482
6.8482
6.8482
6.86765
6.86765
6.86765
6.86765
6.86765
6.86765
6.87825
6.87825
6.87825
6.87825
6.87825
6.87825
6.9021
6.9021
6.9021
6.9021
6.915
6.915
6.915
6.915
6.915
6.94435
6.94435
6.94435
6.963
6.963
6.963
6.963
6.963
6.963
6.963
6.963
6.963
6.963
6.963
6.963
6.963
6.963
6.963
6.963
6.963
6.963
6.963
6.963
7.01045
7.01045
7.01045
7.01045
7.01045
7.01045
7.01045
7.01045
7.01045
7.01045
7.01045
7.01045
7.01045
7.01045
7.01045
7.01045
7.01045
7.01045
7.01045
7.03955
7.03955
7.03955
7.03955
7.03955
7.03955
7.03955
7.06295
7.06295
7.06295
7.06295
7.06295
7.06295
7.06295
7.06295
7.06295
7.06295
7.06295
7.06295
7.06295
7.06295
7.06295
7.06295
7.06295
7.06295
7.06295
7.06295
7.118
7.118
7.118
7.118
7.118
7.118
7.118
7.118
7.118
7.118
7.118
7.118
7.118
7.118
7.118
7.118
7.118
7.118
7.118
7.118
7.118
7.118
7.118
7.118
7.118
7.118
7.118
7.118
7.118
7.118
7.118
7.118
7.118
7.118
7.118
7.11985
7.11985
7.13465
7.13465
7.13465
7.13465
7.13465
7.13465
7.13465
7.13465
7.13465
7.13465
7.15365
7.15365
7.15365
7.15365
7.15365
7.15365
7.15365
7.15365
7.15365
7.15365
7.15365
7.15365
7.15365
7.15365
7.15365
7.1626
7.1626
7.1626
7.1626
7.1626
7.1626
7.1626
7.1626
7.1626
7.1626
7.1637
7.1637
7.1637
7.1637
7.1637
7.1637
7.1637
7.2172
7.2172
7.2172
7.2172
7.2172
7.2172
7.2172
7.2172
7.2172
7.2172
7.2172
7.2172
7.2172
7.2172
7.2172
7.2172
7.2172
