0.219
0.2261
0.23115
0.23455
0.2363
0.24075
0.242
0.24355
0.24615
0.24685
0.2493
0.2509
0.25215
0.2533
0.25515
0.2567
0.2585
0.25905
0.26045
0.2613
0.2623
0.2628
0.2632
0.26555
0.2667
0.26815
0.2699
0.27
0.2856
0.2976
0.3053
0.32325
0.32325
0.32325
0.3624
0.3635
0.36955
0.37215
0.38305
0.38305
0.3835
0.384
0.39105
0.3951
0.3951
0.3951
0.39935
0.39935
0.39935
0.4016
0.4047
0.4047
0.4068
0.4081
0.40995
0.4124
0.4124
0.41385
0.41405
0.42
0.4212
0.4212
0.4225
0.42335
0.4234
0.42515
0.42515
0.428
0.42895
0.42925
0.4313
0.43375
0.43595
0.43595
0.43595
0.4378
0.43825
0.4386
0.43975
0.4418
0.4418
0.4423
0.4431
0.4432
0.44465
0.4458
0.4458
0.44695
0.44695
0.4502
0.4502
0.4502
0.4502
0.45075
0.45075
0.45075
0.45075
0.4669
0.4669
0.47235
0.47235
0.47235
0.47905
0.47905
0.5047
0.5047
0.5047
0.5047
0.50675
0.50675
0.50855
0.51395
0.51395
0.51395
0.51415
0.51995
0.52145
0.526
0.5282
0.5282
0.53065
0.53065
0.53445
0.53445
0.5375
0.5375
0.53995
0.5479
0.5479
0.5479
0.5479
0.5544
0.5544
0.5544
0.5544
0.56
0.56
0.56255
0.56255
0.56255
0.56325
0.56325
0.57715
0.57715
0.57715
0.57715
0.5823
0.5823
0.5823
0.5823
0.5823
0.5857
0.5863
0.5865
0.58985
0.5906
0.5913
0.5913
0.59535
0.59535
0.59675
0.59985
0.6005
0.6005
0.6005
0.6005
0.60575
0.60575
0.61115
0.61115
0.6212
0.6212
0.6212
0.6269
0.6269
0.6269
0.6269
0.6285
0.6285
0.6285
0.6285
0.6359
0.6359
0.6359
0.6359
0.6372
0.6372
0.6372
0.64285
0.64285
0.6439
0.6439
0.6439
0.6494
0.6494
0.6498
0.6498
0.6498
0.6498
0.6507
0.65075
0.65075
0.65355
0.65355
0.66095
0.66095
0.66095
0.6618
0.66455
0.66455
0.66455
0.66455
0.66455
0.67
0.67
0.6748
0.67485
0.67485
0.67485
0.67485
0.67485
0.67775
0.67775
0.6789
0.6789
0.6789
0.6818
0.6818
0.68215
0.68215
0.68215
0.68405
0.68405
0.6898
0.69285
0.69285
0.69285
0.69285
0.69375
0.69375
0.6993
0.6993
0.6993
0.6993
0.6993
0.6993
0.70025
0.70025
0.70025
0.70445
0.7051
0.71415
0.71415
0.71415
0.71415
0.71415
0.71415
0.71415
0.71585
0.71585
0.7241
0.7241
0.7241
0.7241
0.7241
0.7241
0.7241
0.7241
0.7241
0.7241
0.7241
0.7241
0.7241
0.7241
0.7242
0.73665
0.73665
0.73665
0.73665
0.73665
0.73665
0.73665
0.7391
0.7391
0.7391
0.7391
0.7391
0.7391
0.7391
0.7391
0.7391
0.74155
0.74155
0.74155
0.74155
0.74155
0.7465
0.74855
0.74855
0.74855
0.74855
0.74855
0.74855
0.75185
0.7542
0.7542
0.7542
0.7542
0.7542
0.7542
0.7542
0.75675
0.7661
0.7661
0.7661
0.7661
0.7661
0.7661
0.7661
0.7661
0.76625
0.76625
0.77035
0.77035
0.77035
0.77035
0.77035
0.77035
0.77035
0.77035
0.77935
0.77935
0.77935
0.77935
0.77935
0.77935
0.77935
0.77935
0.77935
0.77935
0.77935
0.77935
0.7797
0.7797
0.7797
0.7797
0.7797
0.7797
0.78495
0.78495
0.78495
0.78495
0.78795
0.78795
0.78795
0.78795
0.78975
0.7961
0.7961
0.7961
0.7961
0.7961
0.7961
0.79935
0.79935
0.79935
0.79935
0.79935
0.79935
0.79935
0.79935
0.79935
0.79935
0.8005
0.8055
0.80605
0.80605
0.80605
0.80605
0.80605
0.8088
0.8088
0.8088
0.8088
0.8088
0.8088
0.8088
0.8088
0.8138
0.82165
0.82165
0.82165
0.82165
0.82165
0.82165
0.82165
0.82165
0.82165
0.82165
0.82165
0.8244
0.8244
0.8244
0.8244
0.8244
0.8244
0.8244
0.8246
0.8246
0.8246
0.8246
0.8246
0.8246
0.82545
0.82545
0.82815
0.8291
0.8291
0.8291
0.8291
0.8291
0.83575
0.83575
0.83575
0.83575
0.83575
0.83575
0.83575
0.83575
0.83585
0.83585
0.83585
0.83585
0.85065
0.85065
0.85065
0.85065
0.85065
0.85065
0.85065
0.85065
0.85065
0.85065
0.85065
0.85065
0.85065
0.85065
0.85065
0.85065
0.85065
0.85065
0.85065
0.8518
0.8518
0.8518
0.8518
0.8518
0.8518
0.85655
0.85655
0.85655
0.8598
0.8598
0.8598
0.8598
0.8598
0.8598
0.8598
0.8598
0.8598
0.8598
0.8598
0.87115
0.87115
0.87115
0.87115
0.87115
0.87115
0.87115
0.87115
0.87115
0.87115
0.87115
0.87115
0.87115
0.87115
0.87115
0.87115
0.87115
0.87115
0.87385
0.87385
0.87385
0.87385
0.87525
0.87525
0.87525
0.87525
0.87525
0.87525
0.87525
0.87525
0.87525
0.87965
0.87965
0.87965
0.87965
0.87965
0.87965
0.87965
0.87965
0.87965
0.87965
0.87965
0.87965
0.87965
0.87965
0.87965
0.88175
0.88175
0.895
0.895
0.895
0.895
0.895
0.895
0.895
0.895
0.895
0.895
0.895
0.895
0.895
0.895
0.895
0.895
0.895
0.895
0.895
0.895
0.895
0.895
0.895
0.895
0.895
0.895
0.895
0.895
0.899
0.899
0.899
0.899
0.899
0.899
0.899
0.89995
0.89995
0.89995
0.89995
0.89995
0.89995
0.9021
0.9021
0.9021
0.9021
0.9021
0.9021
0.9021
0.90685
0.90685
0.90685
0.90685
0.9103
0.9103
0.9103
0.9103
0.9103
0.9103
0.9103
0.9103
0.9103
0.9103
0.9123
0.9123
0.9123
0.9123
0.9123
0.9123
0.9123
0.9123
0.91395
0.91395
0.91395
0.91395
0.91395
0.91395
0.91435
0.9183
0.9183
0.9183
0.9183
0.9183
0.9189
0.9189
0.9189
0.9189
0.92425
0.92425
0.92425
0.92425
0.92425
0.92425
0.92425
0.92425
0.92425
0.92425
0.92425
0.92425
0.92425
0.92425
0.92425
0.92425
0.93085
0.93085
0.93085
0.93085
0.93085
0.93085
0.93085
0.93085
0.93085
0.93085
0.93085
0.93085
0.9345
0.9345
0.9345
0.9345
0.9345
0.9345
0.9345
0.937
0.937
0.937
0.9387
0.9387
0.94265
0.94265
0.94265
0.94265
0.94265
0.94265
0.94265
0.94265
0.94265
0.94265
0.94265
0.94265
0.94265
0.94265
0.94265
0.94265
0.94265
0.9428
0.9428
0.9428
0.9428
0.9428
0.9428
0.9428
0.9428
0.958
0.958
0.958
0.958
0.958
0.958
0.958
0.958
0.958
0.958
0.958
0.958
0.958
0.958
0.958
0.958
0.958
0.958
0.958
0.958
0.958
0.958
0.958
0.958
0.958
0.958
0.958
0.9589
0.9589
0.9589
0.9589
0.9589
0.9589
0.9589
0.9589
0.9589
0.9589
0.9589
0.9589
0.9589
0.9589
0.9589
0.9589
0.9589
0.9589
0.9596
0.9619
0.9619
0.9619
0.9664
0.9664
0.9664
0.9664
0.9664
0.9664
0.9664
0.9664
0.9664
0.9664
0.96735
0.97545
0.97545
0.97545
0.97545
0.97545
0.97545
0.97545
0.97545
0.97545
0.97545
0.97545
0.97545
0.97545
0.97545
0.97725
0.97725
0.97725
0.97725
0.97725
0.97725
0.97725
0.97725
0.97725
0.97725
0.97725
0.97725
0.97725
0.97725
0.97725
0.97725
0.97725
0.97725
0.97725
0.97725
0.97725
0.98415
0.98415
0.98415
0.98415
0.98415
0.98415
0.98415
0.98415
0.98415
0.98415
0.98475
0.98475
0.98475
0.98475
0.98475
0.98475
0.98475
0.98475
0.98475
0.98475
0.98475
0.98475
0.98475
0.98475
0.98475
0.98475
0.9876
0.9876
0.99475
0.99475
0.99475
0.99475
0.99475
0.99475
0.99475
0.99475
0.99475
0.99475
0.99475
0.99475
0.99475
0.99475
0.99475
0.99475
1.00135
1.00135
1.00135
1.00135
1.00135
1.00135
1.00135
1.00135
1.00135
1.00135
1.00135
1.00135
1.00135
1.00135
1.00135
1.00135
1.00135
1.00135
1.00135
1.00135
1.00135
1.00135
1.00225
1.00225
1.00225
1.00225
1.00225
1.00225
1.00225
1.00225
1.00225
1.00225
1.00225
1.0028
1.0028
1.00305
1.00305
1.00305
1.00305
1.00975
1.00975
1.00975
1.00975
1.00975
1.00975
1.00975
1.00975
1.00975
1.00975
1.00975
1.00975
1.00975
1.00975
1.00975
1.01045
1.01045
1.01045
1.01045
1.01045
1.01045
1.01045
1.01045
1.01045
1.01045
1.01045
1.01365
1.01365
1.01365
1.01365
1.01365
1.01365
1.0154
1.0154
1.0154
1.0154
1.0154
1.0154
1.0154
1.0154
1.0154
1.0154
1.0154
1.0154
1.0154
1.0154
1.0154
1.0154
1.0154
1.0154
1.0154
1.0154
1.0154
1.0154
1.0154
1.0204
1.0204
1.0204
1.0204
1.02435
1.02435
1.02435
1.02435
1.02435
1.02435
1.02435
1.02435
1.02435
1.02435
1.02435
1.02435
1.02435
1.02435
1.02435
1.02435
1.02435
1.02435
1.02435
1.0259
1.0259
1.0259
1.0259
1.0259
1.0259
1.0259
1.0286
1.0286
1.0286
1.0286
1.0286
1.0286
1.0286
1.0286
1.0286
1.0286
1.0286
1.0286
1.0286
1.03305
1.03305
1.03305
1.03305
1.03305
1.03305
1.03405
1.03405
1.03405
1.0358
1.0358
1.0358
1.0358
1.0358
1.0358
1.03795
1.03795
1.03795
1.03795
1.03795
1.03795
1.03795
1.03795
1.03795
1.03795
1.043
1.043
1.043
1.043
1.043
1.043
1.043
1.043
1.043
1.043
1.043
1.043
1.043
1.043
1.043
1.043
1.043
1.043
1.043
1.043
1.043
1.043
1.043
1.043
1.043
1.043
1.043
1.043
1.043
