0.0734
0.075
0.0762
0.0773
0.0778
0.0784
0.0789
0.0789
0.0795
0.0795
0.08
0.08
0.0806
0.0806
0.0806
0.0806
0.0812
0.0812
0.0812
0.0817
0.0817
0.0817
0.0817
0.0817
0.0823
0.0823
0.0823
0.0823
0.0823
0.0828
0.0828
0.0828
0.0828
0.0828
0.0828
0.0834
0.0834
0.0834
0.0834
0.0834
0.0834
0.0839
0.0839
0.0839
0.0839
0.0839
0.0839
0.0839
0.0845
0.0845
0.0845
0.0845
0.0845
0.0845
0.0845
0.0845
0.085
0.085
0.085
0.085
0.085
0.085
0.085
0.085
0.085
0.0856
0.0856
0.0856
0.0856
0.0856
0.0856
0.0856
0.0856
0.0856
0.0856
0.0856
0.0862
0.0862
0.0862
0.0862
0.0862
0.0862
0.0862
0.0862
0.0862
0.0862
0.0867
0.0867
0.0867
0.0867
0.0867
0.0867
0.0867
0.0867
0.0867
0.0867
0.0867
0.0867
0.0873
0.0873
0.0873
0.0873
0.0873
0.0873
0.0873
0.0873
0.0873
0.0873
0.0873
0.0873
0.0878
0.0878
0.0878
0.0878
0.0878
0.0878
0.0878
0.0878
0.0878
0.0878
0.0878
0.0878
0.0878
0.0884
0.0884
0.0884
0.0884
0.0884
0.0884
0.0884
0.0884
0.0884
0.0884
0.0884
0.0884
0.0884
0.0884
0.0889
0.0889
0.0889
0.0889
0.0889
0.0889
0.0889
0.0889
0.0889
0.0889
0.0889
0.0889
0.0889
0.0895
0.0895
0.0895
0.0895
0.0895
0.0895
0.0895
0.0895
0.0895
0.0895
0.0895
0.0895
0.0895
0.0895
0.0895
0.09
0.09
0.09
0.09
0.09
0.09
0.09
0.09
0.09
0.09
0.09
0.09
0.09
0.09
0.09
0.0906
0.0906
0.0906
0.0906
0.0906
0.0906
0.0906
0.0906
0.0906
0.0906
0.0906
0.0906
0.0906
0.0906
0.0906
0.0906
0.0912
0.0912
0.0912
0.0912
0.0912
0.0912
0.0912
0.0912
0.0912
0.0912
0.0912
0.0912
0.0912
0.0912
0.0912
0.0917
0.0917
0.0917
0.0917
0.0917
0.0917
0.0917
0.0917
0.0917
0.0917
0.0917
0.0917
0.0917
0.0917
0.0917
0.0917
0.0923
0.0923
0.0923
0.0923
0.0923
0.0923
0.0923
0.0923
0.0923
0.0923
0.0923
0.0923
0.0923
0.0923
0.0923
0.0923
0.0923
0.0928
0.0928
0.0928
0.0928
0.0928
0.0928
0.0928
0.0928
0.0928
0.0928
0.0928
0.0928
0.0928
0.0928
0.0928
0.0928
0.0928
0.0928
0.0934
0.0934
0.0934
0.0934
0.0934
0.0934
0.0934
0.0934
0.0934
0.0934
0.0934
0.0934
0.0934
0.0934
0.0934
0.0934
0.0934
0.0939
0.0939
0.0939
0.0939
0.0939
0.0939
0.0939
0.0939
0.0939
0.0939
0.0939
0.0939
0.0939
0.0939
0.0939
0.0939
0.0939
0.0945
0.0945
0.0945
0.0945
0.0945
0.0945
0.0945
0.0945
0.0945
0.0945
0.0945
0.0945
0.0945
0.0945
0.0945
0.0945
0.0945
0.0945
0.0945
0.0945
0.0951
0.0951
0.0951
0.0951
0.0951
0.0951
0.0951
0.0951
0.0951
0.0951
0.0951
0.0951
0.0951
0.0951
0.0951
0.0951
0.0951
0.0951
0.0951
0.0951
0.0956
0.0956
0.0956
0.0956
0.0956
0.0956
0.0956
0.0956
0.0956
0.0956
0.0956
0.0956
0.0956
0.0956
0.0956
0.0956
0.0956
0.0956
0.0956
0.0956
0.0962
0.0962
0.0962
0.0962
0.0962
0.0962
0.0962
0.0962
0.0962
0.0962
0.0962
0.0962
0.0962
0.0962
0.0962
0.0962
0.0962
0.0962
0.0962
0.0962
0.0962
0.0962
0.0967
0.0967
0.0967
0.0967
0.0967
0.0967
0.0967
0.0967
0.0967
0.0967
0.0967
0.0967
0.0967
0.0967
0.0967
0.0967
0.0967
0.0967
0.0967
0.0967
0.0967
0.0967
0.0967
0.0967
0.0973
0.0973
0.0973
0.0973
0.0973
0.0973
0.0973
0.0973
0.0973
0.0973
0.0973
0.0973
0.0973
0.0973
0.0973
0.0973
0.0973
0.0973
0.0973
0.0973
0.0973
0.0973
0.0973
0.0973
0.0973
0.0973
0.0978
0.0978
0.0978
0.0978
0.0978
0.0978
0.0978
0.0978
0.0978
0.0978
0.0978
0.0978
0.0978
0.0978
0.0978
0.0978
0.0978
0.0978
0.0978
0.0978
0.0978
0.0978
0.0978
0.0978
0.0984
0.0984
0.0984
0.0984
0.0984
0.0984
0.0984
0.0984
0.0984
0.0984
0.0984
0.0984
0.0984
0.0984
0.0984
0.0984
0.0984
0.0984
0.0984
0.0984
0.0984
0.0984
0.0984
0.0984
0.0984
0.0984
0.0984
0.0989
0.0989
0.0989
0.0989
0.0989
0.0989
0.0989
0.0989
0.0989
0.0989
0.0989
0.0989
0.0989
0.0989
0.0989
0.0989
0.0989
0.0989
0.0989
0.0989
0.0989
0.0989
0.0989
0.0989
0.0989
0.0989
0.0995
0.0995
0.0995
0.0995
0.0995
0.0995
0.0995
0.0995
0.0995
0.0995
0.0995
0.0995
0.0995
0.0995
0.0995
0.0995
0.0995
0.0995
0.0995
0.0995
0.0995
0.0995
0.0995
0.0995
0.0995
0.0995
0.0995
0.1
0.1
0.1
0.1
0.1
0.1
0.1
0.1
0.1
0.1
0.1
0.1
0.1
0.1
0.1
0.1
0.1
0.1
0.1
0.1
0.1
0.1
0.1
0.1
0.1
0.1
0.1006
0.1006
0.1006
0.1006
0.1006
0.1006
0.1006
0.1006
0.1006
0.1006
0.1006
0.1006
0.1006
0.1006
0.1006
0.1006
0.1006
0.1006
0.1006
0.1006
0.1006
0.1006
0.1006
0.1006
0.1006
0.1012
0.1012
0.1012
0.1012
0.1012
0.1012
0.1012
0.1012
0.1012
0.1012
0.1012
0.1012
0.1012
0.1012
0.1012
0.1012
0.1012
0.1012
0.1012
0.1012
0.1012
0.1012
0.1012
0.1012
0.1012
0.1012
0.1017
0.1017
0.1017
0.1017
0.1017
0.1017
0.1017
0.1017
0.1017
0.1017
0.1017
0.1017
0.1017
0.1017
0.1017
0.1017
0.1017
0.1017
0.1017
0.1017
0.1017
0.1017
0.1017
0.1017
0.1017
0.1017
0.1017
0.1017
0.1023
0.1023
0.1023
0.1023
0.1023
0.1023
0.1023
0.1023
0.1023
0.1023
0.1023
0.1023
0.1023
0.1023
0.1023
0.1023
0.1023
0.1023
0.1023
0.1023
0.1023
0.1023
0.1023
0.1023
0.1023
0.1023
0.1028
0.1028
0.1028
0.1028
0.1028
0.1028
0.1028
0.1028
0.1028
0.1028
0.1028
0.1028
0.1028
0.1028
0.1028
0.1028
0.1028
0.1028
0.1028
0.1028
0.1028
0.1028
0.1028
0.1028
0.1028
0.1028
0.1028
0.1028
0.1034
0.1034
0.1034
0.1034
0.1034
0.1034
0.1034
0.1034
0.1034
0.1034
0.1034
0.1034
0.1034
0.1034
0.1034
0.1034
0.1034
0.1034
0.1034
0.1034
0.1034
0.1034
0.1034
0.1034
0.1034
0.1034
0.1039
0.1039
0.1039
0.1039
0.1039
0.1039
0.1039
0.1039
0.1039
0.1039
0.1039
0.1039
0.1039
0.1039
0.1039
0.1039
0.1039
0.1039
0.1039
0.1039
0.1039
0.1039
0.1039
0.1039
0.1039
0.1039
0.1039
0.1039
0.1045
0.1045
0.1045
0.1045
0.1045
0.1045
0.1045
0.1045
0.1045
0.1045
0.1045
0.1045
0.1045
0.1045
0.1045
0.1045
0.1045
0.1045
0.1045
0.1045
0.1045
0.1045
0.1045
0.1045
0.1045
0.1045
0.1045
0.1045
0.1051
0.1051
0.1051
0.1051
0.1051
0.1051
0.1051
0.1051
0.1051
0.1051
0.1051
0.1051
0.1051
0.1051
0.1051
0.1051
0.1051
0.1051
0.1051
0.1051
0.1051
0.1051
0.1051
0.1051
0.1051
0.1056
0.1056
0.1056
0.1056
0.1056
0.1056
0.1056
0.1056
0.1056
0.1056
0.1056
0.1056
0.1056
0.1056
0.1056
0.1056
0.1056
0.1056
0.1056
0.1056
0.1056
0.1056
0.1056
0.1056
0.1056
0.1056
0.1056
0.1056
0.1056
0.1062
0.1062
0.1062
0.1062
0.1062
0.1062
0.1062
0.1062
0.1062
0.1062
0.1062
0.1062
0.1062
0.1062
0.1062
0.1062
0.1062
0.1062
0.1062
0.1062
0.1062
0.1062
0.1062
0.1062
0.1062
0.1067
0.1067
0.1067
0.1067
0.1067
0.1067
0.1067
0.1067
0.1067
0.1067
0.1067
0.1067
0.1067
0.1067
0.1067
0.1067
0.1067
0.1067
0.1067
0.1067
0.1067
0.1067
0.1067
0.1067
0.1067
0.1067
0.1067
0.1073
0.1073
0.1073
0.1073
0.1073
0.1073
0.1073
0.1073
0.1073
0.1073
0.1073
0.1073
0.1073
0.1073
0.1073
0.1073
0.1073
0.1073
0.1073
0.1073
0.1073
0.1073
0.1073
0.1073
0.1073
0.1073
0.1078
0.1078
0.1078
0.1078
0.1078
0.1078
0.1078
0.1078
0.1078
0.1078
0.1078
0.1078
0.1078
0.1078
0.1078
0.1078
0.1078
0.1078
0.1078
0.1078
0.1078
0.1078
0.1078
0.1078
0.1078
0.1084
0.1084
0.1084
0.1084
0.1084
0.1084
0.1084
0.1084
0.1084
0.1084
0.1084
0.1084
0.1084
0.1084
0.1084
0.1084
0.1084
0.1084
0.1084
0.1084
0.1084
0.1084
0.1084
0.1084
0.1089
0.1089
0.1089
0.1089
0.1089
0.1089
0.1089
0.1089
0.1089
0.1089
0.1089
0.1089
0.1089
0.1089
0.1089
0.1089
0.1089
0.1089
0.1089
0.1089
0.1089
0.1089
0.1089
0.1095
0.1095
0.1095
0.1095
0.1095
0.1095
0.1095
0.1095
0.1095
0.1095
0.1095
0.1095
0.1095
0.1095
0.1095
0.1095
0.1095
0.1095
0.1095
0.1095
0.1095
0.1095
0.1095
0.1095
0.1095
0.1101
0.1101
0.1101
0.1101
0.1101
0.1101
0.1101
0.1101
0.1101
0.1101
0.1101
0.1101
0.1101
0.1101
0.1101
0.1101
0.1101
0.1101
0.1101
0.1101
0.1101
0.1101
0.1106
0.1106
0.1106
0.1106
0.1106
0.1106
0.1106
0.1106
0.1106
0.1106
0.1106
0.1106
0.1106
0.1106
0.1106
0.1106
0.1106
0.1106
0.1106
0.1106
0.1106
0.1106
0.1106
0.1112
0.1112
0.1112
0.1112
0.1112
0.1112
0.1112
0.1112
0.1112
0.1112
0.1112
0.1112
0.1112
0.1112
0.1112
0.1112
0.1112
0.1112
0.1112
0.1112
0.1112
0.1112
0.1117
0.1117
0.1117
0.1117
0.1117
0.1117
0.1117
0.1117
0.1117
0.1117
0.1117
0.1117
0.1117
0.1117
0.1117
0.1117
0.1117
0.1117
0.1117
0.1117
0.1117
0.1117
0.1117
0.1123
0.1123
0.1123
0.1123
0.1123
0.1123
0.1123
0.1123
0.1123
0.1123
0.1123
0.1123
0.1123
0.1123
0.1123
0.1123
0.1123
0.1123
0.1123
0.1123
0.1123
0.1128
0.1128
0.1128
0.1128
0.1128
0.1128
0.1128
0.1128
0.1128
0.1128
0.1128
0.1128
0.1128
0.1128
0.1128
0.1128
0.1128
0.1128
0.1128
0.1134
0.1134
0.1134
0.1134
0.1134
0.1134
0.1134
0.1134
0.1134
0.1134
0.1134
0.1134
0.1134
0.1134
0.1134
0.1134
0.1134
0.1134
0.1134
0.1139
0.1139
0.1139
0.1139
0.1139
0.1139
0.1139
0.1139
0.1139
0.1139
0.1139
0.1139
0.1139
0.1139
0.1139
0.1139
0.1139
0.1139
0.1139
0.1145
0.1145
0.1145
0.1145
0.1145
0.1145
0.1145
0.1145
0.1145
0.1145
0.1145
0.1145
0.1145
0.1145
0.1145
0.1145
0.1145
0.1145
0.115
0.115
0.115
0.115
0.115
0.115
0.115
0.115
0.115
0.115
0.115
0.115
0.115
0.115
0.115
0.115
0.115
0.115
0.1156
0.1156
0.1156
0.1156
0.1156
0.1156
0.1156
0.1156
0.1156
0.1156
0.1156
0.1156
0.1156
0.1156
0.1156
0.1156
0.1156
0.1156
0.1162
0.1162
0.1162
0.1162
0.1162
0.1162
0.1162
0.1162
0.1162
0.1162
0.1162
0.1162
0.1162
0.1162
0.1162
0.1162
0.1162
0.1162
0.1162
0.1167
0.1167
0.1167
0.1167
0.1167
0.1167
0.1167
0.1167
0.1167
0.1167
0.1167
0.1167
0.1167
0.1167
0.1167
0.1167
0.1167
0.1167
0.1173
0.1173
0.1173
0.1173
0.1173
0.1173
0.1173
0.1173
0.1173
0.1173
0.1173
0.1173
0.1173
0.1173
0.1173
0.1173
0.1173
0.1178
0.1178
0.1178
0.1178
0.1178
0.1178
0.1178
0.1178
0.1178
0.1178
0.1178
0.1178
0.1178
0.1178
0.1178
0.1178
0.1184
0.1184
0.1184
0.1184
0.1184
0.1184
0.1184
0.1184
0.1184
0.1184
0.1184
0.1184
0.1184
0.1184
0.1184
0.1184
0.1184
0.1184
0.1184
0.1189
0.1189
0.1189
0.1189
0.1189
0.1189
0.1189
0.1189
0.1189
0.1189
0.1189
0.1189
0.1189
0.1189
0.1189
0.1195
0.1195
0.1195
0.1195
0.1195
0.1195
0.1195
0.1195
0.1195
0.1195
0.1195
0.1195
0.1195
0.1195
0.1195
0.1195
0.1195
0.1201
0.1201
0.1201
0.1201
0.1201
0.1201
0.1201
0.1201
0.1201
0.1201
0.1201
0.1201
0.1201
0.1201
0.1201
0.1206
0.1206
0.1206
0.1206
0.1206
0.1206
0.1206
0.1206
0.1206
0.1206
0.1206
0.1206
0.1206
0.1206
0.1206
0.1212
0.1212
0.1212
0.1212
0.1212
0.1212
0.1212
0.1212
0.1212
0.1212
0.1212
0.1212
0.1212
0.1212
0.1212
0.1212
0.1217
0.1217
0.1217
0.1217
0.1217
0.1217
0.1217
0.1217
0.1217
0.1217
0.1217
0.1217
0.1217
0.1217
0.1217
0.1223
0.1223
0.1223
0.1223
0.1223
0.1223
0.1223
0.1223
0.1223
0.1223
0.1223
0.1223
0.1223
0.1223
0.1228
0.1228
0.1228
0.1228
0.1228
0.1228
0.1228
0.1228
0.1228
0.1228
0.1228
0.1228
0.1228
0.1228
0.1228
0.1234
0.1234
0.1234
0.1234
0.1234
0.1234
0.1234
0.1234
0.1234
0.1234
0.1234
0.1234
0.1234
0.1234
0.1239
0.1239
0.1239
0.1239
0.1239
0.1239
0.1239
0.1239
0.1239
0.1239
0.1239
0.1239
0.1239
0.1245
0.1245
0.1245
0.1245
0.1245
0.1245
0.1245
0.1245
0.1245
0.1245
0.1245
0.1245
0.1245
0.1245
0.1251
0.1251
0.1251
0.1251
0.1251
0.1251
0.1251
0.1251
0.1251
0.1251
0.1251
0.1251
0.1251
0.1251
0.1251
0.1256
0.1256
0.1256
0.1256
0.1256
0.1256
0.1256
0.1256
0.1256
0.1256
0.1256
0.1256
0.1256
0.1256
0.1262
0.1262
0.1262
0.1262
0.1262
0.1262
0.1262
0.1262
0.1262
0.1262
0.1262
0.1262
0.1262
0.1262
0.1267
0.1267
0.1267
0.1267
0.1267
0.1267
0.1267
0.1267
0.1267
0.1267
0.1267
0.1267
0.1267
0.1267
0.1273
0.1273
0.1273
0.1273
0.1273
0.1273
0.1273
0.1273
0.1273
0.1273
0.1273
0.1273
0.1273
0.1273
0.1278
0.1278
0.1278
0.1278
0.1278
0.1278
0.1278
0.1278
0.1278
0.1278
0.1278
0.1278
0.1278
0.1278
0.1278
0.1284
0.1284
0.1284
0.1284
0.1284
0.1284
0.1284
0.1284
0.1284
0.1284
0.1284
0.1284
0.1284
0.1284
0.1284
0.1289
0.1289
0.1289
0.1289
0.1289
0.1289
0.1289
0.1289
0.1289
0.1289
0.1289
0.1289
0.1289
0.1289
0.1295
0.1295
0.1295
0.1295
0.1295
0.1295
0.1295
0.1295
0.1295
0.1295
0.1295
0.1295
0.1295
0.1295
0.1301
0.1301
0.1301
0.1301
0.1301
0.1301
0.1301
0.1301
0.1301
0.1301
0.1301
0.1301
0.1301
0.1301
0.1306
0.1306
0.1306
0.1306
0.1306
0.1306
0.1306
0.1306
0.1306
0.1306
0.1306
0.1306
0.1306
0.1306
0.1306
0.1312
0.1312
0.1312
0.1312
0.1312
0.1312
0.1312
0.1312
0.1312
0.1312
0.1312
0.1312
0.1312
0.1317
0.1317
0.1317
0.1317
0.1317
0.1317
0.1317
0.1317
0.1317
0.1317
0.1317
0.1317
0.1317
0.1317
0.1317
0.1323
0.1323
0.1323
0.1323
0.1323
0.1323
0.1323
0.1323
0.1323
0.1323
0.1323
0.1323
0.1323
0.1323
0.1323
0.1328
0.1328
0.1328
0.1328
0.1328
0.1328
0.1328
0.1328
0.1328
0.1328
0.1328
0.1328
0.1328
0.1334
0.1334
0.1334
0.1334
0.1334
0.1334
0.1334
0.1334
0.1334
0.1334
0.1334
0.1334
0.1334
0.1334
0.1334
0.1339
0.1339
0.1339
0.1339
0.1339
0.1339
0.1339
0.1339
0.1339
0.1339
0.1339
0.1339
0.1339
0.1339
0.1339
0.1345
0.1345
0.1345
0.1345
0.1345
0.1345
0.1345
0.1345
0.1345
0.1345
0.1345
0.1345
0.1345
0.1345
0.135
0.135
0.135
0.135
0.135
0.135
0.135
0.135
0.135
0.135
0.135
0.135
0.135
0.135
0.135
0.1356
0.1356
0.1356
0.1356
0.1356
0.1356
0.1356
0.1356
0.1356
0.1356
0.1356
0.1356
0.1356
0.1356
0.1356
0.1356
0.1362
0.1362
0.1362
0.1362
0.1362
0.1362
0.1362
0.1362
0.1362
0.1362
0.1362
0.1362
0.1362
0.1362
0.1362
0.1362
0.1362
0.1367
0.1367
0.1367
0.1367
0.1367
0.1367
0.1367
0.1367
0.1367
0.1367
0.1367
0.1367
0.1367
0.1367
0.1367
0.1367
0.1367
0.1373
0.1373
0.1373
0.1373
0.1373
0.1373
0.1373
0.1373
0.1373
0.1373
0.1373
0.1373
0.1373
0.1373
0.1373
0.1373
0.1373
0.1378
0.1378
0.1378
0.1378
0.1378
0.1378
0.1378
0.1378
0.1378
0.1378
0.1378
0.1378
0.1378
0.1378
0.1378
0.1378
0.1378
0.1384
0.1384
0.1384
0.1384
0.1384
0.1384
0.1384
0.1384
0.1384
0.1384
0.1384
0.1384
0.1384
0.1384
0.1384
0.1384
0.1384
0.1389
0.1389
0.1389
0.1389
0.1389
0.1389
0.1389
0.1389
0.1389
0.1389
0.1389
0.1389
0.1389
0.1389
0.1389
0.1389
0.1389
0.1389
0.1395
0.1395
0.1395
0.1395
0.1395
0.1395
0.1395
0.1395
0.1395
0.1395
0.1395
0.1395
0.1395
0.1395
0.1395
0.1395
0.1395
0.1395
0.1395
0.14
0.14
0.14
0.14
0.14
0.14
0.14
0.14
0.14
0.14
0.14
0.14
0.14
0.14
0.14
0.14
0.14
0.14
0.14
0.1406
0.1406
0.1406
0.1406
0.1406
0.1406
0.1406
0.1406
0.1406
0.1406
0.1406
0.1406
0.1406
0.1406
0.1406
0.1406
0.1406
0.1406
0.1406
0.1412
0.1412
0.1412
0.1412
0.1412
0.1412
0.1412
0.1412
0.1412
0.1412
0.1412
0.1412
0.1412
0.1412
0.1412
0.1412
0.1412
0.1412
0.1412
0.1412
0.1417
0.1417
0.1417
0.1417
0.1417
0.1417
0.1417
0.1417
0.1417
0.1417
0.1417
0.1417
0.1417
0.1417
0.1417
0.1417
0.1417
0.1417
0.1417
0.1417
0.1423
0.1423
0.1423
0.1423
0.1423
0.1423
0.1423
0.1423
0.1423
0.1423
0.1423
0.1423
0.1423
0.1423
0.1423
0.1423
0.1423
0.1423
0.1423
0.1423
0.1428
0.1428
0.1428
0.1428
0.1428
0.1428
0.1428
0.1428
0.1428
0.1428
0.1428
0.1428
0.1428
0.1428
0.1428
0.1428
0.1428
0.1428
0.1428
0.1434
0.1434
0.1434
0.1434
0.1434
0.1434
0.1434
0.1434
0.1434
0.1434
0.1434
0.1434
0.1434
0.1434
0.1434
0.1434
0.1434
0.1434
0.1434
0.1434
0.1434
0.1439
0.1439
0.1439
0.1439
0.1439
0.1439
0.1439
0.1439
0.1439
0.1439
0.1439
0.1439
0.1439
0.1439
0.1439
0.1439
0.1439
0.1439
0.1445
0.1445
0.1445
0.1445
0.1445
0.1445
0.1445
0.1445
0.1445
0.1445
0.1445
0.1445
0.1445
0.1445
0.1445
0.1445
0.1445
0.1445
0.1445
0.145
0.145
0.145
0.145
0.145
0.145
0.145
0.145
0.145
0.145
0.145
0.145
0.145
0.145
0.145
0.145
0.145
0.145
0.1456
0.1456
0.1456
0.1456
0.1456
0.1456
0.1456
0.1456
0.1456
0.1456
0.1456
0.1456
0.1456
0.1456
0.1456
0.1456
0.1456
0.1456
0.1456
0.1462
0.1462
0.1462
0.1462
0.1462
0.1462
0.1462
0.1462
0.1462
0.1462
0.1462
0.1462
0.1462
0.1462
0.1462
0.1462
0.1462
0.1467
0.1467
0.1467
0.1467
0.1467
0.1467
0.1467
0.1467
0.1467
0.1467
0.1467
0.1467
0.1467
0.1467
0.1467
0.1467
0.1467
0.1467
0.1467
0.1473
0.1473
0.1473
0.1473
0.1473
0.1473
0.1473
0.1473
0.1473
0.1473
0.1473
0.1473
0.1473
0.1473
0.1473
0.1473
0.1473
0.1473
0.1478
0.1478
0.1478
0.1478
0.1478
0.1478
0.1478
0.1478
0.1478
0.1478
0.1478
0.1478
0.1478
0.1478
0.1478
0.1478
0.1478
0.1478
0.1478
0.1484
0.1484
0.1484
0.1484
0.1484
0.1484
0.1484
0.1484
0.1484
0.1484
0.1484
0.1484
0.1484
0.1484
0.1484
0.1484
0.1484
0.1484
0.1484
0.1489
0.1489
0.1489
0.1489
0.1489
0.1489
0.1489
0.1489
0.1489
0.1489
0.1489
0.1489
0.1489
0.1489
0.1489
0.1489
0.1489
0.1495
0.1495
0.1495
0.1495
0.1495
0.1495
0.1495
0.1495
0.1495
0.1495
0.1495
0.1495
0.1495
0.1495
0.1495
0.1495
0.1495
0.1495
0.15
0.15
0.15
0.15
0.15
0.15
0.15
0.15
0.15
0.15
0.15
0.15
0.15
0.15
0.15
0.15
0.15
0.15
0.15
0.1506
0.1506
0.1506
0.1506
0.1506
0.1506
0.1506
0.1506
0.1506
0.1506
0.1506
0.1506
0.1506
0.1506
0.1506
0.1506
0.1506
0.1506
0.1512
0.1512
0.1512
0.1512
0.1512
0.1512
0.1512
0.1512
0.1512
0.1512
0.1512
0.1512
0.1512
0.1512
0.1512
0.1512
0.1512
0.1512
0.1512
0.1512
0.1517
0.1517
0.1517
0.1517
0.1517
0.1517
0.1517
0.1517
0.1517
0.1517
0.1517
0.1517
0.1517
0.1517
0.1517
0.1517
0.1517
0.1517
0.1517
0.1523
0.1523
0.1523
0.1523
0.1523
0.1523
0.1523
0.1523
0.1523
0.1523
0.1523
0.1523
0.1523
0.1523
0.1523
0.1523
0.1523
0.1523
0.1523
0.1523
0.1528
0.1528
0.1528
0.1528
0.1528
0.1528
0.1528
0.1528
0.1528
0.1528
0.1528
0.1528
0.1528
0.1528
0.1528
0.1528
0.1528
0.1528
0.1528
0.1528
0.1528
0.1534
0.1534
0.1534
0.1534
0.1534
0.1534
0.1534
0.1534
0.1534
0.1534
0.1534
0.1534
0.1534
0.1534
0.1534
0.1534
0.1534
0.1534
0.1534
0.1534
0.1534
0.1539
0.1539
0.1539
0.1539
0.1539
0.1539
0.1539
0.1539
0.1539
0.1539
0.1539
0.1539
0.1539
0.1539
0.1539
0.1539
0.1539
0.1539
0.1539
0.1539
0.1539
0.1545
0.1545
0.1545
0.1545
0.1545
0.1545
0.1545
0.1545
0.1545
0.1545
0.1545
0.1545
0.1545
0.1545
0.1545
0.1545
0.1545
0.1545
0.1545
0.1545
0.1545
0.1545
0.1551
0.1551
0.1551
0.1551
0.1551
0.1551
0.1551
0.1551
0.1551
0.1551
0.1551
0.1551
0.1551
0.1551
0.1551
0.1551
0.1551
0.1551
0.1551
0.1551
0.1551
0.1551
0.1551
0.1556
0.1556
0.1556
0.1556
0.1556
0.1556
0.1556
0.1556
0.1556
0.1556
0.1556
0.1556
0.1556
0.1556
0.1556
0.1556
0.1556
0.1556
0.1556
0.1556
0.1556
0.1562
0.1562
0.1562
0.1562
0.1562
0.1562
0.1562
0.1562
0.1562
0.1562
0.1562
0.1562
0.1562
0.1562
0.1562
0.1562
0.1562
0.1562
0.1562
0.1562
0.1562
0.1562
0.1567
0.1567
0.1567
0.1567
0.1567
0.1567
0.1567
0.1567
0.1567
0.1567
0.1567
0.1567
0.1567
0.1567
0.1567
0.1567
0.1567
0.1567
0.1567
0.1567
0.1567
0.1567
0.1573
0.1573
0.1573
0.1573
0.1573
0.1573
0.1573
0.1573
0.1573
0.1573
0.1573
0.1573
0.1573
0.1573
0.1573
0.1573
0.1573
0.1573
0.1573
0.1573
0.1573
0.1573
0.1573
0.1578
0.1578
0.1578
0.1578
0.1578
0.1578
0.1578
0.1578
0.1578
0.1578
0.1578
0.1578
0.1578
0.1578
0.1578
0.1578
0.1578
0.1578
0.1578
0.1578
0.1578
0.1578
0.1584
0.1584
0.1584
0.1584
0.1584
0.1584
0.1584
0.1584
0.1584
0.1584
0.1584
0.1584
0.1584
0.1584
0.1584
0.1584
0.1584
0.1584
0.1584
0.1584
0.1584
0.1584
0.1584
0.1589
0.1589
0.1589
0.1589
0.1589
0.1589
0.1589
0.1589
0.1589
0.1589
0.1589
0.1589
0.1589
0.1589
0.1589
0.1589
0.1589
0.1589
0.1589
0.1589
0.1589
0.1589
0.1589
0.1595
0.1595
0.1595
0.1595
0.1595
0.1595
0.1595
0.1595
0.1595
0.1595
0.1595
0.1595
0.1595
0.1595
0.1595
0.1595
0.1595
0.1595
0.1595
0.1595
0.1595
0.1595
0.1595
0.1595
0.16
0.16
0.16
0.16
0.16
0.16
0.16
0.16
0.16
0.16
0.16
0.16
0.16
0.16
0.16
0.16
0.16
0.16
0.16
0.16
0.16
0.16
0.16
0.16
0.1606
0.1606
0.1606
0.1606
0.1606
0.1606
0.1606
0.1606
0.1606
0.1606
0.1606
0.1606
0.1606
0.1606
0.1606
0.1606
0.1606
0.1606
0.1606
0.1606
0.1606
0.1606
0.1606
0.1612
0.1612
0.1612
0.1612
0.1612
0.1612
0.1612
0.1612
0.1612
0.1612
0.1612
0.1612
0.1612
0.1612
0.1612
0.1612
0.1612
0.1612
0.1612
0.1612
0.1612
0.1612
0.1612
0.1617
0.1617
0.1617
0.1617
0.1617
0.1617
0.1617
0.1617
0.1617
0.1617
0.1617
0.1617
0.1617
0.1617
0.1617
0.1617
0.1617
0.1617
0.1617
0.1617
0.1617
0.1617
0.1617
0.1623
0.1623
0.1623
0.1623
0.1623
0.1623
0.1623
0.1623
0.1623
0.1623
0.1623
0.1623
0.1623
0.1623
0.1623
0.1623
0.1623
0.1623
0.1623
0.1623
0.1623
0.1623
0.1623
0.1628
0.1628
0.1628
0.1628
0.1628
0.1628
0.1628
0.1628
0.1628
0.1628
0.1628
0.1628
0.1628
0.1628
0.1628
0.1628
0.1628
0.1628
0.1628
0.1628
0.1628
0.1628
0.1628
0.1628
0.1628
0.1634
0.1634
0.1634
0.1634
0.1634
0.1634
0.1634
0.1634
0.1634
0.1634
0.1634
0.1634
0.1634
0.1634
0.1634
0.1634
0.1634
0.1634
0.1634
0.1634
0.1634
0.1634
0.1634
0.1634
0.1634
0.1639
0.1639
0.1639
0.1639
0.1639
0.1639
0.1639
0.1639
0.1639
0.1639
0.1639
0.1639
0.1639
0.1639
0.1639
0.1639
0.1639
0.1639
0.1639
0.1639
0.1639
0.1639
0.1645
0.1645
0.1645
0.1645
0.1645
0.1645
0.1645
0.1645
0.1645
0.1645
0.1645
0.1645
0.1645
0.1645
0.1645
0.1645
0.1645
0.1645
0.1645
0.1645
0.1645
0.1645
0.165
0.165
0.165
0.165
0.165
0.165
0.165
0.165
0.165
0.165
0.165
0.165
0.165
0.165
0.165
0.165
0.165
0.165
0.165
0.165
0.165
0.1656
0.1656
0.1656
0.1656
0.1656
0.1656
0.1656
0.1656
0.1656
0.1656
0.1656
0.1656
0.1656
0.1656
0.1656
0.1656
0.1656
0.1656
0.1656
0.1656
0.1656
0.1656
0.1662
0.1662
0.1662
0.1662
0.1662
0.1662
0.1662
0.1662
0.1662
0.1662
0.1662
0.1662
0.1662
0.1662
0.1662
0.1662
0.1662
0.1662
0.1662
0.1662
0.1662
0.1667
0.1667
0.1667
0.1667
0.1667
0.1667
0.1667
0.1667
0.1667
0.1667
0.1667
0.1667
0.1667
0.1667
0.1667
0.1667
0.1667
0.1667
0.1667
0.1667
0.1673
0.1673
0.1673
0.1673
0.1673
0.1673
0.1673
0.1673
0.1673
0.1673
0.1673
0.1673
0.1673
0.1673
0.1673
0.1673
0.1673
0.1673
0.1673
0.1673
0.1673
0.1673
0.1678
0.1678
0.1678
0.1678
0.1678
0.1678
0.1678
0.1678
0.1678
0.1678
0.1678
0.1678
0.1678
0.1678
0.1678
0.1678
0.1678
0.1678
0.1678
0.1684
0.1684
0.1684
0.1684
0.1684
0.1684
0.1684
0.1684
0.1684
0.1684
0.1684
0.1684
0.1684
0.1684
0.1684
0.1684
0.1684
0.1684
0.1684
0.1684
0.1684
0.1689
0.1689
0.1689
0.1689
0.1689
0.1689
0.1689
0.1689
0.1689
0.1689
0.1689
0.1689
0.1689
0.1689
0.1689
0.1689
0.1689
0.1689
0.1689
0.1689
0.1695
0.1695
0.1695
0.1695
0.1695
0.1695
0.1695
0.1695
0.1695
0.1695
0.1695
0.1695
0.1695
0.1695
0.1695
0.1695
0.1695
0.1695
0.1695
0.1695
0.1695
0.17
0.17
0.17
0.17
0.17
0.17
0.17
0.17
0.17
0.17
0.17
0.17
0.17
0.17
0.17
0.17
0.17
0.17
0.17
0.17
0.1706
0.1706
0.1706
0.1706
0.1706
0.1706
0.1706
0.1706
0.1706
0.1706
0.1706
0.1706
0.1706
0.1706
0.1706
0.1706
0.1706
0.1706
0.1706
0.1712
0.1712
0.1712
0.1712
0.1712
0.1712
0.1712
0.1712
0.1712
0.1712
0.1712
0.1712
0.1712
0.1712
0.1712
0.1712
0.1712
0.1712
0.1712
0.1717
0.1717
0.1717
0.1717
0.1717
0.1717
0.1717
0.1717
0.1717
0.1717
0.1717
0.1717
0.1717
0.1717
0.1717
0.1717
0.1717
0.1717
0.1717
0.1723
0.1723
0.1723
0.1723
0.1723
0.1723
0.1723
0.1723
0.1723
0.1723
0.1723
0.1723
0.1723
0.1723
0.1723
0.1723
0.1723
0.1723
0.1723
0.1728
0.1728
0.1728
0.1728
0.1728
0.1728
0.1728
0.1728
0.1728
0.1728
0.1728
0.1728
0.1728
0.1728
0.1728
0.1728
0.1728
0.1728
0.1728
0.1734
0.1734
0.1734
0.1734
0.1734
0.1734
0.1734
0.1734
0.1734
0.1734
0.1734
0.1734
0.1734
0.1734
0.1734
0.1734
0.1734
0.1734
0.1739
0.1739
0.1739
0.1739
0.1739
0.1739
0.1739
0.1739
0.1739
0.1739
0.1739
0.1739
0.1739
0.1739
0.1739
0.1739
0.1739
0.1739
0.1739
0.1745
0.1745
0.1745
0.1745
0.1745
0.1745
0.1745
0.1745
0.1745
0.1745
0.1745
0.1745
0.1745
0.1745
0.1745
0.1745
0.1745
0.1745
0.1745
0.175
0.175
0.175
0.175
0.175
0.175
0.175
0.175
0.175
0.175
0.175
0.175
0.175
0.175
0.175
0.175
0.175
0.175
0.175
0.1756
0.1756
0.1756
0.1756
0.1756
0.1756
0.1756
0.1756
0.1756
0.1756
0.1756
0.1756
0.1756
0.1756
0.1756
0.1756
0.1756
0.1756
0.1756
0.1756
0.1762
0.1762
0.1762
0.1762
0.1762
0.1762
0.1762
0.1762
0.1762
0.1762
0.1762
0.1762
0.1762
0.1762
0.1762
0.1762
0.1762
0.1762
0.1767
0.1767
0.1767
0.1767
0.1767
0.1767
0.1767
0.1767
0.1767
0.1767
0.1767
0.1767
0.1767
0.1767
0.1767
0.1767
0.1767
0.1767
0.1767
0.1773
0.1773
0.1773
0.1773
0.1773
0.1773
0.1773
0.1773
0.1773
0.1773
0.1773
0.1773
0.1773
0.1773
0.1773
0.1773
0.1773
0.1773
0.1773
0.1778
0.1778
0.1778
0.1778
0.1778
0.1778
0.1778
0.1778
0.1778
0.1778
0.1778
0.1778
0.1778
0.1778
0.1778
0.1778
0.1778
0.1778
0.1784
0.1784
0.1784
0.1784
0.1784
0.1784
0.1784
0.1784
0.1784
0.1784
0.1784
0.1784
0.1784
0.1784
0.1784
0.1784
0.1784
0.1784
0.1789
0.1789
0.1789
0.1789
0.1789
0.1789
0.1789
0.1789
0.1789
0.1789
0.1789
0.1789
0.1789
0.1789
0.1789
0.1789
0.1789
0.1795
0.1795
0.1795
0.1795
0.1795
0.1795
0.1795
0.1795
0.1795
0.1795
0.1795
0.1795
0.1795
0.1795
0.1795
0.1795
0.1795
0.18
0.18
0.18
0.18
0.18
0.18
0.18
0.18
0.18
0.18
0.18
0.18
0.18
0.18
0.18
0.18
0.1806
0.1806
0.1806
0.1806
0.1806
0.1806
0.1806
0.1806
0.1806
0.1806
0.1806
0.1806
0.1806
0.1806
0.1806
0.1812
0.1812
0.1812
0.1812
0.1812
0.1812
0.1812
0.1812
0.1812
0.1812
0.1812
0.1812
0.1812
0.1812
0.1817
0.1817
0.1817
0.1817
0.1817
0.1817
0.1817
0.1817
0.1817
0.1817
0.1817
0.1817
0.1817
0.1817
0.1823
0.1823
0.1823
0.1823
0.1823
0.1823
0.1823
0.1823
0.1823
0.1823
0.1823
0.1823
0.1823
0.1828
0.1828
0.1828
0.1828
0.1828
0.1828
0.1828
0.1828
0.1828
0.1828
0.1828
0.1828
0.1828
0.1828
0.1834
0.1834
0.1834
0.1834
0.1834
0.1834
0.1834
0.1834
0.1834
0.1834
0.1834
0.1834
0.1834
0.1839
0.1839
0.1839
0.1839
0.1839
0.1839
0.1839
0.1839
0.1839
0.1839
0.1839
0.1839
0.1839
0.1845
0.1845
0.1845
0.1845
0.1845
0.1845
0.1845
0.1845
0.1845
0.1845
0.1845
0.1851
0.1851
0.1851
0.1851
0.1851
0.1851
0.1851
0.1851
0.1851
0.1851
0.1851
0.1851
0.1856
0.1856
0.1856
0.1856
0.1856
0.1856
0.1856
0.1856
0.1856
0.1856
0.1856
0.1856
0.1856
0.1862
0.1862
0.1862
0.1862
0.1862
0.1862
0.1862
0.1862
0.1862
0.1862
0.1862
0.1862
0.1867
0.1867
0.1867
0.1867
0.1867
0.1867
0.1867
0.1867
0.1867
0.1867
0.1867
0.1867
0.1873
0.1873
0.1873
0.1873
0.1873
0.1873
0.1873
0.1873
0.1873
0.1873
0.1873
0.1873
0.1878
0.1878
0.1878
0.1878
0.1878
0.1878
0.1878
0.1878
0.1878
0.1878
0.1878
0.1878
0.1878
0.1884
0.1884
0.1884
0.1884
0.1884
0.1884
0.1884
0.1884
0.1884
0.1884
0.1884
0.1889
0.1889
0.1889
0.1889
0.1889
0.1889
0.1889
0.1889
0.1889
0.1889
0.1889
0.1889
0.1895
0.1895
0.1895
0.1895
0.1895
0.1895
0.1895
0.1895
0.1895
0.1895
0.1895
0.1895
0.1901
0.1901
0.1901
0.1901
0.1901
0.1901
0.1901
0.1901
0.1901
0.1901
0.1901
0.1901
0.1906
0.1906
0.1906
0.1906
0.1906
0.1906
0.1906
0.1906
0.1906
0.1906
0.1906
0.1906
0.1912
0.1912
0.1912
0.1912
0.1912
0.1912
0.1912
0.1912
0.1912
0.1912
0.1912
0.1912
0.1912
0.1917
0.1917
0.1917
0.1917
0.1917
0.1917
0.1917
0.1917
0.1917
0.1917
0.1917
0.1917
0.1923
0.1923
0.1923
0.1923
0.1923
0.1923
0.1923
0.1923
0.1923
0.1923
0.1923
0.1923
0.1923
0.1928
0.1928
0.1928
0.1928
0.1928
0.1928
0.1928
0.1928
0.1928
0.1928
0.1928
0.1928
0.1928
0.1928
0.1934
0.1934
0.1934
0.1934
0.1934
0.1934
0.1934
0.1934
0.1934
0.1934
0.1934
0.1934
0.1939
0.1939
0.1939
0.1939
0.1939
0.1939
0.1939
0.1939
0.1939
0.1939
0.1939
0.1939
0.1945
0.1945
0.1945
0.1945
0.1945
0.1945
0.1945
0.1945
0.1945
0.1945
0.1945
0.1945
0.195
0.195
0.195
0.195
0.195
0.195
0.195
0.195
0.195
0.195
0.195
0.1956
0.1956
0.1956
0.1956
0.1956
0.1956
0.1956
0.1956
0.1956
0.1956
0.1956
0.1962
0.1962
0.1962
0.1962
0.1962
0.1962
0.1962
0.1962
0.1962
0.1962
0.1962
0.1967
0.1967
0.1967
0.1967
0.1967
0.1967
0.1967
0.1967
0.1967
0.1967
0.1967
0.1967
0.1973
0.1973
0.1973
0.1973
0.1973
0.1973
0.1973
0.1973
0.1973
0.1973
0.1973
0.1978
0.1978
0.1978
0.1978
0.1978
0.1978
0.1978
0.1978
0.1978
0.1978
0.1978
0.1978
0.1984
0.1984
0.1984
0.1984
0.1984
0.1984
0.1984
0.1984
0.1984
0.1984
0.1984
0.1989
0.1989
0.1989
0.1989
0.1989
0.1989
0.1989
0.1989
0.1989
0.1989
0.1989
0.1995
0.1995
0.1995
0.1995
0.1995
0.1995
0.1995
0.1995
0.1995
0.1995
0.1995
0.1995
0.2
0.2
0.2
0.2
0.2
0.2
0.2
0.2
0.2
0.2
0.2
0.2006
0.2006
0.2006
0.2006
0.2006
0.2006
0.2006
0.2006
0.2006
0.2006
0.2006
0.2012
0.2012
0.2012
0.2012
0.2012
0.2012
0.2012
0.2012
0.2012
0.2012
0.2017
0.2017
0.2017
0.2017
0.2017
0.2017
0.2017
0.2017
0.2017
0.2017
0.2017
0.2017
0.2023
0.2023
0.2023
0.2023
0.2023
0.2023
0.2023
0.2023
0.2023
0.2023
0.2023
0.2028
0.2028
0.2028
0.2028
0.2028
0.2028
0.2028
0.2028
0.2028
0.2028
0.2028
0.2034
0.2034
0.2034
0.2034
0.2034
0.2034
0.2034
0.2034
0.2034
0.2034
0.2034
0.2039
0.2039
0.2039
0.2039
0.2039
0.2039
0.2039
0.2039
0.2039
0.2039
0.2039
0.2045
0.2045
0.2045
0.2045
0.2045
0.2045
0.2045
0.2045
0.2045
0.2045
0.2051
0.2051
0.2051
0.2051
0.2051
0.2051
0.2051
0.2051
0.2051
0.2056
0.2056
0.2056
0.2056
0.2056
0.2056
0.2056
0.2056
0.2056
0.2062
0.2062
0.2062
0.2062
0.2062
0.2062
0.2062
0.2062
0.2067
0.2067
0.2067
0.2067
0.2067
0.2067
0.2067
0.2067
0.2073
0.2073
0.2073
0.2073
0.2073
0.2073
0.2073
0.2078
0.2078
0.2078
0.2078
0.2078
0.2078
0.2078
0.2084
0.2084
0.2084
0.2084
0.2084
0.2084
0.2084
0.2084
0.2089
0.2089
0.2089
0.2089
0.2089
0.2089
0.2089
0.2095
0.2095
0.2095
0.2095
0.2095
0.2095
0.2095
0.2101
0.2101
0.2101
0.2101
0.2101
0.2101
0.2106
0.2106
0.2106
0.2106
0.2106
0.2106
0.2106
0.2112
0.2112
0.2112
0.2112
0.2112
0.2117
0.2117
0.2117
0.2117
0.2117
0.2117
0.2123
0.2123
0.2123
0.2123
0.2123
0.2128
0.2128
0.2128
0.2128
0.2128
0.2134
0.2134
0.2134
0.2134
0.2134
0.2139
0.2139
0.2139
0.2139
0.2139
0.2145
0.2145
0.2145
0.2145
0.2145
0.2151
0.2151
0.2151
0.2151
0.2151
0.2156
0.2156
0.2156
0.2156
0.2162
0.2162
0.2162
0.2162
0.2167
0.2167
0.2167
0.2167
0.2167
0.2173
0.2173
0.2173
0.2173
0.2178
0.2178
0.2178
0.2178
0.2184
0.2184
0.2184
0.2189
0.2189
0.2189
0.2189
0.2195
0.2195
0.2195
0.2195
0.2201
0.2201
0.2201
0.2206
0.2206
0.2206
0.2212
0.2212
0.2212
0.2217
0.2217
0.2217
0.2217
0.2223
0.2223
0.2223
0.2228
0.2228
0.2228
0.2234
0.2234
0.2239
0.2239
0.2239
0.2245
0.2245
0.2251
0.2251
0.2251
0.2256
0.2256
0.2256
0.2262
0.2262
0.2267
0.2267
0.2267
0.2273
0.2273
0.2273
0.2278
0.2278
0.2284
0.2284
0.2284
0.2289
0.2289
0.2295
0.2295
0.2295
0.23
0.23
0.23
0.2306
0.2306
0.2312
0.2312
0.2312
0.2317
0.2317
0.2317
0.2323
0.2323
0.2323
0.2328
0.2328
0.2334
0.2334
0.2339
0.2339
0.2339
0.2345
0.2345
0.235
0.235
0.2356
0.2356
0.2356
0.2362
0.2362
0.2367
0.2367
0.2373
0.2373
0.2373
0.2378
0.2378
0.2384
0.2384
0.2389
0.2389
0.2395
0.2395
0.2401
0.2401
0.2406
0.2406
0.2412
0.2412
0.2417
0.2423
0.2423
0.2428
0.2428
0.2434
0.2434
0.2439
0.2439
0.2445
0.2445
0.2451
0.2456
0.2456
0.2462
0.2462
0.2467
0.2467
0.2473
0.2478
0.2478
0.2484
0.2484
0.2489
0.2489
0.2495
0.2495
0.2501
0.2501
0.2501
0.2506
0.2506
0.2512
0.2512
0.2517
0.2517
0.2517
0.2523
0.2523
0.2528
0.2528
0.2534
0.2534
0.2539
0.2539
0.2539
0.2545
0.2545
0.2551
0.2551
0.2551
0.2556
0.2556
0.2556
0.2562
0.2562
0.2562
0.2567
0.2567
0.2567
0.2573
0.2573
0.2573
0.2578
0.2578
0.2578
0.2578
0.2584
0.2584
0.2584
0.2589
0.2589
0.2589
0.2589
0.2595
0.2595
0.2595
0.2595
0.2601
0.2601
0.2601
0.2601
0.2606
0.2606
0.2606
0.2606
0.2612
0.2612
0.2612
0.2612
0.2617
0.2617
0.2617
0.2617
0.2617
0.2623
0.2623
0.2623
0.2623
0.2623
0.2628
0.2628
0.2628
0.2628
0.2628
0.2634
0.2634
0.2634
0.2634
0.2634
0.2634
0.2639
0.2639
0.2639
0.2639
0.2639
0.2645
0.2645
0.2645
0.2645
0.2645
0.265
0.265
0.265
0.265
0.265
0.265
0.2656
0.2656
0.2656
0.2656
0.2656
0.2656
0.2662
0.2662
0.2662
0.2662
0.2662
0.2662
0.2662
0.2667
0.2667
0.2667
0.2667
0.2667
0.2667
0.2667
0.2673
0.2673
0.2673
0.2673
0.2673
0.2673
0.2673
0.2673
0.2678
0.2678
0.2678
0.2678
0.2678
0.2678
0.2678
0.2684
0.2684
0.2684
0.2684
0.2684
0.2684
0.2684
0.2684
0.2689
0.2689
0.2689
0.2689
0.2689
0.2689
0.2689
0.2689
0.2695
0.2695
0.2695
0.2695
0.2695
0.2695
0.2695
0.2695
0.27
0.27
0.27
0.27
0.27
0.27
0.27
0.27
0.27
0.2706
0.2706
0.2706
0.2706
0.2706
0.2706
0.2706
0.2706
0.2706
0.2712
0.2712
0.2712
0.2712
0.2712
0.2712
0.2712
0.2712
0.2712
0.2717
0.2717
0.2717
0.2717
0.2717
0.2717
0.2717
0.2717
0.2717
0.2717
0.2717
0.2723
0.2723
0.2723
0.2723
0.2723
0.2723
0.2723
0.2723
0.2723
0.2728
0.2728
0.2728
0.2728
0.2728
0.2728
0.2728
0.2728
0.2728
0.2728
0.2728
0.2734
0.2734
0.2734
0.2734
0.2734
0.2734
0.2734
0.2734
0.2734
0.2734
0.2734
0.2739
0.2739
0.2739
0.2739
0.2739
0.2739
0.2739
0.2739
0.2739
0.2739
0.2739
0.2745
0.2745
0.2745
0.2745
0.2745
0.2745
0.2745
0.2745
0.2745
0.2745
0.2745
0.2745
0.275
0.275
0.275
0.275
0.275
0.275
0.275
0.275
0.275
0.275
0.275
0.275
0.2756
0.2756
0.2756
0.2756
0.2756
0.2756
0.2756
0.2756
0.2756
0.2756
0.2756
0.2756
0.2762
0.2762
0.2762
0.2762
0.2762
0.2762
0.2762
0.2762
0.2762
0.2762
0.2762
0.2767
0.2767
0.2767
0.2767
0.2767
0.2767
0.2767
0.2767
0.2767
0.2767
0.2767
0.2767
0.2767
0.2773
0.2773
0.2773
0.2773
0.2773
0.2773
0.2773
0.2773
0.2773
0.2773
0.2773
0.2773
0.2778
0.2778
0.2778
0.2778
0.2778
0.2778
0.2778
0.2778
0.2778
0.2778
0.2778
0.2778
0.2778
0.2784
0.2784
0.2784
0.2784
0.2784
0.2784
0.2784
0.2784
0.2784
0.2784
0.2784
0.2784
0.2784
0.2784
0.2789
0.2789
0.2789
0.2789
0.2789
0.2789
0.2789
0.2789
0.2789
0.2789
0.2789
0.2789
0.2789
0.2795
0.2795
0.2795
0.2795
0.2795
0.2795
0.2795
0.2795
0.2795
0.2795
0.2795
0.2795
0.2795
0.2795
0.28
0.28
0.28
0.28
0.28
0.28
0.28
0.28
0.28
0.28
0.28
0.28
0.28
0.28
0.2806
0.2806
0.2806
0.2806
0.2806
0.2806
0.2806
0.2806
0.2806
0.2806
0.2806
0.2806
0.2806
0.2806
0.2812
0.2812
0.2812
0.2812
0.2812
0.2812
0.2812
0.2812
0.2812
0.2812
0.2812
0.2812
0.2812
0.2817
0.2817
0.2817
0.2817
0.2817
0.2817
0.2817
0.2817
0.2817
0.2817
0.2817
0.2817
0.2817
0.2817
0.2817
0.2823
0.2823
0.2823
0.2823
0.2823
0.2823
0.2823
0.2823
0.2823
0.2823
0.2823
0.2823
0.2823
0.2823
0.2823
0.2828
0.2828
0.2828
0.2828
0.2828
0.2828
0.2828
0.2828
0.2828
0.2828
0.2828
0.2828
0.2828
0.2828
0.2834
0.2834
0.2834
0.2834
0.2834
0.2834
0.2834
0.2834
0.2834
0.2834
0.2834
0.2834
0.2834
0.2834
0.2834
0.2834
0.2839
0.2839
0.2839
0.2839
0.2839
0.2839
0.2839
0.2839
0.2839
0.2839
0.2839
0.2839
0.2839
0.2839
0.2839
0.2845
0.2845
0.2845
0.2845
0.2845
0.2845
0.2845
0.2845
0.2845
0.2845
0.2845
0.2845
0.2845
0.2845
0.2845
0.2845
0.285
0.285
0.285
0.285
0.285
0.285
0.285
0.285
0.285
0.285
0.285
0.285
0.285
0.285
0.285
0.2856
0.2856
0.2856
0.2856
0.2856
0.2856
0.2856
0.2856
0.2856
0.2856
0.2856
0.2856
0.2856
0.2856
0.2856
0.2856
0.2856
0.2862
0.2862
0.2862
0.2862
0.2862
0.2862
0.2862
0.2862
0.2862
0.2862
0.2862
0.2862
0.2862
0.2862
0.2862
0.2862
0.2867
0.2867
0.2867
0.2867
0.2867
0.2867
0.2867
0.2867
0.2867
0.2867
0.2867
0.2867
0.2867
0.2867
0.2867
0.2867
0.2867
0.2873
0.2873
0.2873
0.2873
0.2873
0.2873
0.2873
0.2873
0.2873
0.2873
0.2873
0.2873
0.2873
0.2873
0.2873
0.2873
0.2873
0.2878
0.2878
0.2878
0.2878
0.2878
0.2878
0.2878
0.2878
0.2878
0.2878
0.2878
0.2878
0.2878
0.2878
0.2878
0.2878
0.2884
0.2884
0.2884
0.2884
0.2884
0.2884
0.2884
0.2884
0.2884
0.2884
0.2884
0.2884
0.2884
0.2884
0.2884
0.2884
0.2889
0.2889
0.2889
0.2889
0.2889
0.2889
0.2889
0.2889
0.2889
0.2889
0.2889
0.2889
0.2889
0.2889
0.2889
0.2889
0.2889
0.2889
0.2895
0.2895
0.2895
0.2895
0.2895
0.2895
0.2895
0.2895
0.2895
0.2895
0.2895
0.2895
0.2895
0.2895
0.2895
0.2895
0.2895
0.29
0.29
0.29
0.29
0.29
0.29
0.29
0.29
0.29
0.29
0.29
0.29
0.29
0.29
0.29
0.29
0.29
0.29
0.2906
0.2906
0.2906
0.2906
0.2906
0.2906
0.2906
0.2906
0.2906
0.2906
0.2906
0.2906
0.2906
0.2906
0.2906
0.2906
0.2906
0.2912
0.2912
0.2912
0.2912
0.2912
0.2912
0.2912
0.2912
0.2912
0.2912
0.2912
0.2912
0.2912
0.2912
0.2912
0.2912
0.2912
0.2912
0.2912
0.2917
0.2917
0.2917
0.2917
0.2917
0.2917
0.2917
0.2917
0.2917
0.2917
0.2917
0.2917
0.2917
0.2917
0.2917
0.2917
0.2917
0.2923
0.2923
0.2923
0.2923
0.2923
0.2923
0.2923
0.2923
0.2923
0.2923
0.2923
0.2923
0.2923
0.2923
0.2923
0.2923
0.2923
0.2923
0.2928
0.2928
0.2928
0.2928
0.2928
0.2928
0.2928
0.2928
0.2928
0.2928
0.2928
0.2928
0.2928
0.2928
0.2928
0.2928
0.2928
0.2928
0.2934
0.2934
0.2934
0.2934
0.2934
0.2934
0.2934
0.2934
0.2934
0.2934
0.2934
0.2934
0.2934
0.2934
0.2934
0.2934
0.2934
0.2939
0.2939
0.2939
0.2939
0.2939
0.2939
0.2939
0.2939
0.2939
0.2939
0.2939
0.2939
0.2939
0.2939
0.2939
0.2939
0.2939
0.2939
0.2945
0.2945
0.2945
0.2945
0.2945
0.2945
0.2945
0.2945
0.2945
0.2945
0.2945
0.2945
0.2945
0.2945
0.2945
0.2945
0.2945
0.295
0.295
0.295
0.295
0.295
0.295
0.295
0.295
0.295
0.295
0.295
0.295
0.295
0.295
0.295
0.295
0.295
0.2956
0.2956
0.2956
0.2956
0.2956
0.2956
0.2956
0.2956
0.2956
0.2956
0.2956
0.2956
0.2956
0.2956
0.2956
0.2956
0.2956
0.2962
0.2962
0.2962
0.2962
0.2962
0.2962
0.2962
0.2962
0.2962
0.2962
0.2962
0.2962
0.2962
0.2962
0.2962
0.2962
0.2962
0.2962
0.2967
0.2967
0.2967
0.2967
0.2967
0.2967
0.2967
0.2967
0.2967
0.2967
0.2967
0.2967
0.2967
0.2967
0.2967
0.2967
0.2967
0.2973
0.2973
0.2973
0.2973
0.2973
0.2973
0.2973
0.2973
0.2973
0.2973
0.2973
0.2973
0.2973
0.2973
0.2973
0.2973
0.2973
0.2973
0.2978
0.2978
0.2978
0.2978
0.2978
0.2978
0.2978
0.2978
0.2978
0.2978
0.2978
0.2978
0.2978
0.2978
0.2978
0.2978
0.2978
0.2978
0.2984
0.2984
0.2984
0.2984
0.2984
0.2984
0.2984
0.2984
0.2984
0.2984
0.2984
0.2984
0.2984
0.2984
0.2984
0.2984
0.2984
0.2984
0.2984
0.2989
0.2989
0.2989
0.2989
0.2989
0.2989
0.2989
0.2989
0.2989
0.2989
0.2989
0.2989
0.2989
0.2989
0.2989
0.2989
0.2989
0.2989
0.2995
0.2995
0.2995
0.2995
0.2995
0.2995
0.2995
0.2995
0.2995
0.2995
0.2995
0.2995
0.2995
0.2995
0.2995
0.2995
0.2995
0.2995
0.3
0.3
0.3
0.3
0.3
0.3
0.3
0.3
0.3
0.3
0.3
0.3
0.3
0.3
0.3
0.3
0.3
0.3
0.3006
0.3006
0.3006
0.3006
0.3006
0.3006
0.3006
0.3006
0.3006
0.3006
0.3006
0.3006
0.3006
0.3006
0.3006
0.3006
0.3006
0.3006
0.3006
0.3012
0.3012
0.3012
0.3012
0.3012
0.3012
0.3012
0.3012
0.3012
0.3012
0.3012
0.3012
0.3012
0.3012
0.3012
0.3012
0.3012
0.3012
0.3017
0.3017
0.3017
0.3017
0.3017
0.3017
0.3017
0.3017
0.3017
0.3017
0.3017
0.3017
0.3017
0.3017
0.3017
0.3017
0.3017
0.3017
0.3023
0.3023
0.3023
0.3023
0.3023
0.3023
0.3023
0.3023
0.3023
0.3023
0.3023
0.3023
0.3023
0.3023
0.3023
0.3023
0.3023
0.3023
0.3028
0.3028
0.3028
0.3028
0.3028
0.3028
0.3028
0.3028
0.3028
0.3028
0.3028
0.3028
0.3028
0.3028
0.3028
0.3028
0.3028
0.3028
0.3034
0.3034
0.3034
0.3034
0.3034
0.3034
0.3034
0.3034
0.3034
0.3034
0.3034
0.3034
0.3034
0.3034
0.3034
0.3034
0.3034
0.3034
0.3034
0.3034
0.3039
0.3039
0.3039
0.3039
0.3039
0.3039
0.3039
0.3039
0.3039
0.3039
0.3039
0.3039
0.3039
0.3039
0.3039
0.3039
0.3039
0.3039
0.3039
0.3045
0.3045
0.3045
0.3045
0.3045
0.3045
0.3045
0.3045
0.3045
0.3045
0.3045
0.3045
0.3045
0.3045
0.3045
0.3045
0.3045
0.3045
0.3051
0.3051
0.3051
0.3051
0.3051
0.3051
0.3051
0.3051
0.3051
0.3051
0.3051
0.3051
0.3051
0.3051
0.3051
0.3051
0.3051
0.3051
0.3056
0.3056
0.3056
0.3056
0.3056
0.3056
0.3056
0.3056
0.3056
0.3056
0.3056
0.3056
0.3056
0.3056
0.3056
0.3056
0.3056
0.3062
0.3062
0.3062
0.3062
0.3062
0.3062
0.3062
0.3062
0.3062
0.3062
0.3062
0.3062
0.3062
0.3062
0.3062
0.3062
0.3062
0.3062
0.3062
0.3062
0.3067
0.3067
0.3067
0.3067
0.3067
0.3067
0.3067
0.3067
0.3067
0.3067
0.3067
0.3067
0.3067
0.3067
0.3067
0.3067
0.3067
0.3067
0.3073
0.3073
0.3073
0.3073
0.3073
0.3073
0.3073
0.3073
0.3073
0.3073
0.3073
0.3073
0.3073
0.3073
0.3073
0.3073
0.3073
0.3073
0.3078
0.3078
0.3078
0.3078
0.3078
0.3078
0.3078
0.3078
0.3078
0.3078
0.3078
0.3078
0.3078
0.3078
0.3078
0.3078
0.3078
0.3078
0.3078
0.3078
0.3084
0.3084
0.3084
0.3084
0.3084
0.3084
0.3084
0.3084
0.3084
0.3084
0.3084
0.3084
0.3084
0.3084
0.3084
0.3084
0.3084
0.3084
0.3084
0.3084
0.3089
0.3089
0.3089
0.3089
0.3089
0.3089
0.3089
0.3089
0.3089
0.3089
0.3089
0.3089
0.3089
0.3089
0.3089
0.3089
0.3089
0.3089
0.3095
0.3095
0.3095
0.3095
0.3095
0.3095
0.3095
0.3095
0.3095
0.3095
0.3095
0.3095
0.3095
0.3095
0.3095
0.3095
0.3095
0.3095
0.3101
0.3101
0.3101
0.3101
0.3101
0.3101
0.3101
0.3101
0.3101
0.3101
0.3101
0.3101
0.3101
0.3101
0.3101
0.3101
0.3101
0.3101
0.3101
0.3101
0.3106
0.3106
0.3106
0.3106
0.3106
0.3106
0.3106
0.3106
0.3106
0.3106
0.3106
0.3106
0.3106
0.3106
0.3106
0.3106
0.3106
0.3106
0.3106
0.3112
0.3112
0.3112
0.3112
0.3112
0.3112
0.3112
0.3112
0.3112
0.3112
0.3112
0.3112
0.3112
0.3112
0.3112
0.3112
0.3112
0.3112
0.3112
0.3112
0.3117
0.3117
0.3117
0.3117
0.3117
0.3117
0.3117
0.3117
0.3117
0.3117
0.3117
0.3117
0.3117
0.3117
0.3117
0.3117
0.3117
0.3117
0.3117
0.3123
0.3123
0.3123
0.3123
0.3123
0.3123
0.3123
0.3123
0.3123
0.3123
0.3123
0.3123
0.3123
0.3123
0.3123
0.3123
0.3123
0.3123
0.3123
0.3128
0.3128
0.3128
0.3128
0.3128
0.3128
0.3128
0.3128
0.3128
0.3128
0.3128
0.3128
0.3128
0.3128
0.3128
0.3128
0.3128
0.3128
0.3128
0.3128
0.3134
0.3134
0.3134
0.3134
0.3134
0.3134
0.3134
0.3134
0.3134
0.3134
0.3134
0.3134
0.3134
0.3134
0.3134
0.3134
0.3134
0.3134
0.3134
0.3134
0.3139
0.3139
0.3139
0.3139
0.3139
0.3139
0.3139
0.3139
0.3139
0.3139
0.3139
0.3139
0.3139
0.3139
0.3139
0.3139
0.3139
0.3139
0.3139
0.3139
0.3145
0.3145
0.3145
0.3145
0.3145
0.3145
0.3145
0.3145
0.3145
0.3145
0.3145
0.3145
0.3145
0.3145
0.3145
0.3145
0.3145
0.3145
0.3145
0.315
0.315
0.315
0.315
0.315
0.315
0.315
0.315
0.315
0.315
0.315
0.315
0.315
0.315
0.315
0.315
0.315
0.315
0.315
0.3156
0.3156
0.3156
0.3156
0.3156
0.3156
0.3156
0.3156
0.3156
0.3156
0.3156
0.3156
0.3156
0.3156
0.3156
0.3156
0.3156
0.3156
0.3156
0.3156
0.3162
0.3162
0.3162
0.3162
0.3162
0.3162
0.3162
0.3162
0.3162
0.3162
0.3162
0.3162
0.3162
0.3162
0.3162
0.3162
0.3162
0.3162
0.3162
0.3162
0.3167
0.3167
0.3167
0.3167
0.3167
0.3167
0.3167
0.3167
0.3167
0.3167
0.3167
0.3167
0.3167
0.3167
0.3167
0.3167
0.3167
0.3167
0.3167
0.3167
0.3173
0.3173
0.3173
0.3173
0.3173
0.3173
0.3173
0.3173
0.3173
0.3173
0.3173
0.3173
0.3173
0.3173
0.3173
0.3173
0.3173
0.3173
0.3173
0.3173
0.3173
0.3178
0.3178
0.3178
0.3178
0.3178
0.3178
0.3178
0.3178
0.3178
0.3178
0.3178
0.3178
0.3178
0.3178
0.3178
0.3178
0.3178
0.3178
0.3178
0.3178
0.3184
0.3184
0.3184
0.3184
0.3184
0.3184
0.3184
0.3184
0.3184
0.3184
0.3184
0.3184
0.3184
0.3184
0.3184
0.3184
0.3184
0.3184
0.3184
0.3184
0.3189
0.3189
0.3189
0.3189
0.3189
0.3189
0.3189
0.3189
0.3189
0.3189
0.3189
0.3189
0.3189
0.3189
0.3189
0.3189
0.3189
0.3189
0.3189
0.3189
0.3189
0.3195
0.3195
0.3195
0.3195
0.3195
0.3195
0.3195
0.3195
0.3195
0.3195
0.3195
0.3195
0.3195
0.3195
0.3195
0.3195
0.3195
0.3195
0.3195
0.3195
0.3195
0.32
0.32
0.32
0.32
0.32
0.32
0.32
0.32
0.32
0.32
0.32
0.32
0.32
0.32
0.32
0.32
0.32
0.32
0.32
0.3206
0.3206
0.3206
0.3206
0.3206
0.3206
0.3206
0.3206
0.3206
0.3206
0.3206
0.3206
0.3206
0.3206
0.3206
0.3206
0.3206
0.3206
0.3206
0.3206
0.3212
0.3212
0.3212
0.3212
0.3212
0.3212
0.3212
0.3212
0.3212
0.3212
0.3212
0.3212
0.3212
0.3212
0.3212
0.3212
0.3212
0.3212
0.3212
0.3212
0.3217
0.3217
0.3217
0.3217
0.3217
0.3217
0.3217
0.3217
0.3217
0.3217
0.3217
0.3217
0.3217
0.3217
0.3217
0.3217
0.3217
0.3217
0.3217
0.3217
0.3223
0.3223
0.3223
0.3223
0.3223
0.3223
0.3223
0.3223
0.3223
0.3223
0.3223
0.3223
0.3223
0.3223
0.3223
0.3223
0.3223
0.3223
0.3223
0.3223
0.3228
0.3228
0.3228
0.3228
0.3228
0.3228
0.3228
0.3228
0.3228
0.3228
0.3228
0.3228
0.3228
0.3228
0.3228
0.3228
0.3228
0.3228
0.3228
0.3228
0.3234
0.3234
0.3234
0.3234
0.3234
0.3234
0.3234
0.3234
0.3234
0.3234
0.3234
0.3234
0.3234
0.3234
0.3234
0.3234
0.3234
0.3234
0.3234
0.3234
0.3239
0.3239
0.3239
0.3239
0.3239
0.3239
0.3239
0.3239
0.3239
0.3239
0.3239
0.3239
0.3239
0.3239
0.3239
0.3239
0.3239
0.3239
0.3239
0.3239
0.3239
0.3245
0.3245
0.3245
0.3245
0.3245
0.3245
0.3245
0.3245
0.3245
0.3245
0.3245
0.3245
0.3245
0.3245
0.3245
0.3245
0.3245
0.3245
0.3245
0.3245
0.3245
0.325
0.325
0.325
0.325
0.325
0.325
0.325
0.325
0.325
0.325
0.325
0.325
0.325
0.325
0.325
0.325
0.325
0.325
0.325
0.325
0.3256
0.3256
0.3256
0.3256
0.3256
0.3256
0.3256
0.3256
0.3256
0.3256
0.3256
0.3256
0.3256
0.3256
0.3256
0.3256
0.3256
0.3256
0.3256
0.3262
0.3262
0.3262
0.3262
0.3262
0.3262
0.3262
0.3262
0.3262
0.3262
0.3262
0.3262
0.3262
0.3262
0.3262
0.3262
0.3262
0.3262
0.3262
0.3262
0.3267
0.3267
0.3267
0.3267
0.3267
0.3267
0.3267
0.3267
0.3267
0.3267
0.3267
0.3267
0.3267
0.3267
0.3267
0.3267
0.3267
0.3267
0.3267
0.3267
0.3273
0.3273
0.3273
0.3273
0.3273
0.3273
0.3273
0.3273
0.3273
0.3273
0.3273
0.3273
0.3273
0.3273
0.3273
0.3273
0.3273
0.3273
0.3273
0.3278
0.3278
0.3278
0.3278
0.3278
0.3278
0.3278
0.3278
0.3278
0.3278
0.3278
0.3278
0.3278
0.3278
0.3278
0.3278
0.3278
0.3278
0.3278
0.3278
0.3278
0.3278
0.3284
0.3284
0.3284
0.3284
0.3284
0.3284
0.3284
0.3284
0.3284
0.3284
0.3284
0.3284
0.3284
0.3284
0.3284
0.3284
0.3284
0.3284
0.3284
0.3289
0.3289
0.3289
0.3289
0.3289
0.3289
0.3289
0.3289
0.3289
0.3289
0.3289
0.3289
0.3289
0.3289
0.3289
0.3289
0.3289
0.3289
0.3289
0.3289
0.3295
0.3295
0.3295
0.3295
0.3295
0.3295
0.3295
0.3295
0.3295
0.3295
0.3295
0.3295
0.3295
0.3295
0.3295
0.3295
0.3295
0.3295
0.3295
0.33
0.33
0.33
0.33
0.33
0.33
0.33
0.33
0.33
0.33
0.33
0.33
0.33
0.33
0.33
0.33
0.33
0.33
0.33
0.33
0.3306
0.3306
0.3306
0.3306
0.3306
0.3306
0.3306
0.3306
0.3306
0.3306
0.3306
0.3306
0.3306
0.3306
0.3306
0.3306
0.3306
0.3306
0.3306
0.3306
0.3312
0.3312
0.3312
0.3312
0.3312
0.3312
0.3312
0.3312
0.3312
0.3312
0.3312
0.3312
0.3312
0.3312
0.3312
0.3312
0.3312
0.3312
0.3317
0.3317
0.3317
0.3317
0.3317
0.3317
0.3317
0.3317
0.3317
0.3317
0.3317
0.3317
0.3317
0.3317
0.3317
0.3317
0.3317
0.3317
0.3317
0.3317
0.3323
0.3323
0.3323
0.3323
0.3323
0.3323
0.3323
0.3323
0.3323
0.3323
0.3323
0.3323
0.3323
0.3323
0.3323
0.3323
0.3323
0.3323
0.3323
0.3323
0.3328
0.3328
0.3328
0.3328
0.3328
0.3328
0.3328
0.3328
0.3328
0.3328
0.3328
0.3328
0.3328
0.3328
0.3328
0.3328
0.3328
0.3328
0.3328
0.3328
0.3328
0.3334
0.3334
0.3334
0.3334
0.3334
0.3334
0.3334
0.3334
0.3334
0.3334
0.3334
0.3334
0.3334
0.3334
0.3334
0.3334
0.3334
0.3334
0.3334
0.3339
0.3339
0.3339
0.3339
0.3339
0.3339
0.3339
0.3339
0.3339
0.3339
0.3339
0.3339
0.3339
0.3339
0.3339
0.3339
0.3339
0.3339
0.3339
0.3339
0.3345
0.3345
0.3345
0.3345
0.3345
0.3345
0.3345
0.3345
0.3345
0.3345
0.3345
0.3345
0.3345
0.3345
0.3345
0.3345
0.3345
0.3345
0.3345
0.3345
0.335
0.335
0.335
0.335
0.335
0.335
0.335
0.335
0.335
0.335
0.335
0.335
0.335
0.335
0.335
0.335
0.335
0.335
0.3356
0.3356
0.3356
0.3356
0.3356
0.3356
0.3356
0.3356
0.3356
0.3356
0.3356
0.3356
0.3356
0.3356
0.3356
0.3356
0.3356
0.3356
0.3356
0.3362
0.3362
0.3362
0.3362
0.3362
0.3362
0.3362
0.3362
0.3362
0.3362
0.3362
0.3362
0.3362
0.3362
0.3362
0.3362
0.3362
0.3362
0.3367
0.3367
0.3367
0.3367
0.3367
0.3367
0.3367
0.3367
0.3367
0.3367
0.3367
0.3367
0.3367
0.3367
0.3367
0.3367
0.3367
0.3367
0.3367
0.3373
0.3373
0.3373
0.3373
0.3373
0.3373
0.3373
0.3373
0.3373
0.3373
0.3373
0.3373
0.3373
0.3373
0.3373
0.3373
0.3373
0.3373
0.3378
0.3378
0.3378
0.3378
0.3378
0.3378
0.3378
0.3378
0.3378
0.3378
0.3378
0.3378
0.3378
0.3378
0.3378
0.3378
0.3378
0.3378
0.3378
0.3378
0.3378
0.3384
0.3384
0.3384
0.3384
0.3384
0.3384
0.3384
0.3384
0.3384
0.3384
0.3384
0.3384
0.3384
0.3384
0.3384
0.3384
0.3384
0.3384
0.3384
0.3389
0.3389
0.3389
0.3389
0.3389
0.3389
0.3389
0.3389
0.3389
0.3389
0.3389
0.3389
0.3389
0.3389
0.3389
0.3389
0.3389
0.3389
0.3389
0.3389
0.3395
0.3395
0.3395
0.3395
0.3395
0.3395
0.3395
0.3395
0.3395
0.3395
0.3395
0.3395
0.3395
0.3395
0.3395
0.3395
0.3395
0.3395
0.3395
0.34
0.34
0.34
0.34
0.34
0.34
0.34
0.34
0.34
0.34
0.34
0.34
0.34
0.34
0.34
0.34
0.34
0.34
0.34
0.3406
0.3406
0.3406
0.3406
0.3406
0.3406
0.3406
0.3406
0.3406
0.3406
0.3406
0.3406
0.3406
0.3406
0.3406
0.3406
0.3406
0.3406
0.3412
0.3412
0.3412
0.3412
0.3412
0.3412
0.3412
0.3412
0.3412
0.3412
0.3412
0.3412
0.3412
0.3412
0.3412
0.3412
0.3412
0.3412
0.3412
0.3417
0.3417
0.3417
0.3417
0.3417
0.3417
0.3417
0.3417
0.3417
0.3417
0.3417
0.3417
0.3417
0.3417
0.3417
0.3417
0.3417
0.3417
0.3417
0.3417
0.3423
0.3423
0.3423
0.3423
0.3423
0.3423
0.3423
0.3423
0.3423
0.3423
0.3423
0.3423
0.3423
0.3423
0.3423
0.3423
0.3423
0.3423
0.3423
0.3428
0.3428
0.3428
0.3428
0.3428
0.3428
0.3428
0.3428
0.3428
0.3428
0.3428
0.3428
0.3428
0.3428
0.3428
0.3428
0.3428
0.3428
0.3428
0.3434
0.3434
0.3434
0.3434
0.3434
0.3434
0.3434
0.3434
0.3434
0.3434
0.3434
0.3434
0.3434
0.3434
0.3434
0.3434
0.3434
0.3434
0.3434
0.3439
0.3439
0.3439
0.3439
0.3439
0.3439
0.3439
0.3439
0.3439
0.3439
0.3439
0.3439
0.3439
0.3439
0.3439
0.3439
0.3439
0.3439
0.3439
0.3445
0.3445
0.3445
0.3445
0.3445
0.3445
0.3445
0.3445
0.3445
0.3445
0.3445
0.3445
0.3445
0.3445
0.3445
0.3445
0.3445
0.3445
0.3445
0.345
0.345
0.345
0.345
0.345
0.345
0.345
0.345
0.345
0.345
0.345
0.345
0.345
0.345
0.345
0.345
0.345
0.345
0.3456
0.3456
0.3456
0.3456
0.3456
0.3456
0.3456
0.3456
0.3456
0.3456
0.3456
0.3456
0.3456
0.3456
0.3456
0.3456
0.3456
0.3456
0.3456
0.3456
0.3462
0.3462
0.3462
0.3462
0.3462
0.3462
0.3462
0.3462
0.3462
0.3462
0.3462
0.3462
0.3462
0.3462
0.3462
0.3462
0.3462
0.3467
0.3467
0.3467
0.3467
0.3467
0.3467
0.3467
0.3467
0.3467
0.3467
0.3467
0.3467
0.3467
0.3467
0.3467
0.3467
0.3467
0.3467
0.3473
0.3473
0.3473
0.3473
0.3473
0.3473
0.3473
0.3473
0.3473
0.3473
0.3473
0.3473
0.3473
0.3473
0.3473
0.3473
0.3473
0.3473
0.3473
0.3478
0.3478
0.3478
0.3478
0.3478
0.3478
0.3478
0.3478
0.3478
0.3478
0.3478
0.3478
0.3478
0.3478
0.3478
0.3478
0.3478
0.3478
0.3484
0.3484
0.3484
0.3484
0.3484
0.3484
0.3484
0.3484
0.3484
0.3484
0.3484
0.3484
0.3484
0.3484
0.3484
0.3484
0.3484
0.3484
0.3484
0.3489
0.3489
0.3489
0.3489
0.3489
0.3489
0.3489
0.3489
0.3489
0.3489
0.3489
0.3489
0.3489
0.3489
0.3489
0.3489
0.3489
0.3489
0.3489
0.3495
0.3495
0.3495
0.3495
0.3495
0.3495
0.3495
0.3495
0.3495
0.3495
0.3495
0.3495
0.3495
0.3495
0.3495
0.3495
0.3495
0.3495
0.35
0.35
0.35
0.35
0.35
0.35
0.35
0.35
0.35
0.35
0.35
0.35
0.35
0.35
0.35
0.35
0.35
0.35
0.35
0.3506
0.3506
0.3506
0.3506
0.3506
0.3506
0.3506
0.3506
0.3506
0.3506
0.3506
0.3506
0.3506
0.3506
0.3506
0.3506
0.3506
0.3506
0.3506
0.3512
0.3512
0.3512
0.3512
0.3512
0.3512
0.3512
0.3512
0.3512
0.3512
0.3512
0.3512
0.3512
0.3512
0.3512
0.3512
0.3512
0.3512
0.3517
0.3517
0.3517
0.3517
0.3517
0.3517
0.3517
0.3517
0.3517
0.3517
0.3517
0.3517
0.3517
0.3517
0.3517
0.3517
0.3517
0.3523
0.3523
0.3523
0.3523
0.3523
0.3523
0.3523
0.3523
0.3523
0.3523
0.3523
0.3523
0.3523
0.3523
0.3523
0.3523
0.3523
0.3523
0.3528
0.3528
0.3528
0.3528
0.3528
0.3528
0.3528
0.3528
0.3528
0.3528
0.3528
0.3528
0.3528
0.3528
0.3528
0.3528
0.3528
0.3534
0.3534
0.3534
0.3534
0.3534
0.3534
0.3534
0.3534
0.3534
0.3534
0.3534
0.3534
0.3534
0.3534
0.3534
0.3534
0.3534
0.3534
0.3534
0.3539
0.3539
0.3539
0.3539
0.3539
0.3539
0.3539
0.3539
0.3539
0.3539
0.3539
0.3539
0.3539
0.3539
0.3539
0.3539
0.3539
0.3545
0.3545
0.3545
0.3545
0.3545
0.3545
0.3545
0.3545
0.3545
0.3545
0.3545
0.3545
0.3545
0.3545
0.3545
0.3545
0.3545
0.355
0.355
0.355
0.355
0.355
0.355
0.355
0.355
0.355
0.355
0.355
0.355
0.355
0.355
0.355
0.355
0.355
0.355
0.3556
0.3556
0.3556
0.3556
0.3556
0.3556
0.3556
0.3556
0.3556
0.3556
0.3556
0.3556
0.3556
0.3556
0.3556
0.3556
0.3556
0.3556
0.3562
0.3562
0.3562
0.3562
0.3562
0.3562
0.3562
0.3562
0.3562
0.3562
0.3562
0.3562
0.3562
0.3562
0.3562
0.3562
0.3562
0.3567
0.3567
0.3567
0.3567
0.3567
0.3567
0.3567
0.3567
0.3567
0.3567
0.3567
0.3567
0.3567
0.3567
0.3567
0.3567
0.3573
0.3573
0.3573
0.3573
0.3573
0.3573
0.3573
0.3573
0.3573
0.3573
0.3573
0.3573
0.3573
0.3573
0.3573
0.3573
0.3573
0.3578
0.3578
0.3578
0.3578
0.3578
0.3578
0.3578
0.3578
0.3578
0.3578
0.3578
0.3578
0.3578
0.3578
0.3578
0.3578
0.3584
0.3584
0.3584
0.3584
0.3584
0.3584
0.3584
0.3584
0.3584
0.3584
0.3584
0.3584
0.3584
0.3584
0.3584
0.3584
0.3589
0.3589
0.3589
0.3589
0.3589
0.3589
0.3589
0.3589
0.3589
0.3589
0.3589
0.3589
0.3589
0.3589
0.3589
0.3589
0.3589
0.3595
0.3595
0.3595
0.3595
0.3595
0.3595
0.3595
0.3595
0.3595
0.3595
0.3595
0.3595
0.3595
0.3595
0.3595
0.3595
0.3595
0.36
0.36
0.36
0.36
0.36
0.36
0.36
0.36
0.36
0.36
0.36
0.36
0.36
0.36
0.36
0.36
0.36
0.36
0.3606
0.3606
0.3606
0.3606
0.3606
0.3606
0.3606
0.3606
0.3606
0.3606
0.3606
0.3606
0.3606
0.3606
0.3606
0.3606
0.3612
0.3612
0.3612
0.3612
0.3612
0.3612
0.3612
0.3612
0.3612
0.3612
0.3612
0.3612
0.3612
0.3612
0.3612
0.3612
0.3612
0.3617
0.3617
0.3617
0.3617
0.3617
0.3617
0.3617
0.3617
0.3617
0.3617
0.3617
0.3617
0.3617
0.3617
0.3617
0.3617
0.3617
0.3623
0.3623
0.3623
0.3623
0.3623
0.3623
0.3623
0.3623
0.3623
0.3623
0.3623
0.3623
0.3623
0.3623
0.3623
0.3623
0.3628
0.3628
0.3628
0.3628
0.3628
0.3628
0.3628
0.3628
0.3628
0.3628
0.3628
0.3628
0.3628
0.3628
0.3628
0.3628
0.3634
0.3634
0.3634
0.3634
0.3634
0.3634
0.3634
0.3634
0.3634
0.3634
0.3634
0.3634
0.3634
0.3634
0.3634
0.3634
0.3639
0.3639
0.3639
0.3639
0.3639
0.3639
0.3639
0.3639
0.3639
0.3639
0.3639
0.3639
0.3639
0.3639
0.3639
0.3639
0.3645
0.3645
0.3645
0.3645
0.3645
0.3645
0.3645
0.3645
0.3645
0.3645
0.3645
0.3645
0.3645
0.3645
0.3645
0.365
0.365
0.365
0.365
0.365
0.365
0.365
0.365
0.365
0.365
0.365
0.365
0.365
0.365
0.365
0.365
0.3656
0.3656
0.3656
0.3656
0.3656
0.3656
0.3656
0.3656
0.3656
0.3656
0.3656
0.3656
0.3656
0.3656
0.3656
0.3656
0.3656
0.3662
0.3662
0.3662
0.3662
0.3662
0.3662
0.3662
0.3662
0.3662
0.3662
0.3662
0.3662
0.3662
0.3662
0.3662
0.3662
0.3667
0.3667
0.3667
0.3667
0.3667
0.3667
0.3667
0.3667
0.3667
0.3667
0.3667
0.3667
0.3667
0.3667
0.3667
0.3673
0.3673
0.3673
0.3673
0.3673
0.3673
0.3673
0.3673
0.3673
0.3673
0.3673
0.3673
0.3673
0.3673
0.3673
0.3673
0.3678
0.3678
0.3678
0.3678
0.3678
0.3678
0.3678
0.3678
0.3678
0.3678
0.3678
0.3678
0.3678
0.3678
0.3678
0.3684
0.3684
0.3684
0.3684
0.3684
0.3684
0.3684
0.3684
0.3684
0.3684
0.3684
0.3684
0.3684
0.3684
0.3684
0.3689
0.3689
0.3689
0.3689
0.3689
0.3689
0.3689
0.3689
0.3689
0.3689
0.3689
0.3689
0.3689
0.3689
0.3689
0.3695
0.3695
0.3695
0.3695
0.3695
0.3695
0.3695
0.3695
0.3695
0.3695
0.3695
0.3695
0.3695
0.3695
0.3701
0.3701
0.3701
0.3701
0.3701
0.3701
0.3701
0.3701
0.3701
0.3701
0.3701
0.3701
0.3701
0.3701
0.3701
0.3706
0.3706
0.3706
0.3706
0.3706
0.3706
0.3706
0.3706
0.3706
0.3706
0.3706
0.3706
0.3706
0.3712
0.3712
0.3712
0.3712
0.3712
0.3712
0.3712
0.3712
0.3712
0.3712
0.3712
0.3712
0.3712
0.3712
0.3717
0.3717
0.3717
0.3717
0.3717
0.3717
0.3717
0.3717
0.3717
0.3717
0.3717
0.3717
0.3717
0.3717
0.3717
0.3723
0.3723
0.3723
0.3723
0.3723
0.3723
0.3723
0.3723
0.3723
0.3723
0.3723
0.3723
0.3723
0.3728
0.3728
0.3728
0.3728
0.3728
0.3728
0.3728
0.3728
0.3728
0.3728
0.3728
0.3728
0.3728
0.3728
0.3734
0.3734
0.3734
0.3734
0.3734
0.3734
0.3734
0.3734
0.3734
0.3734
0.3734
0.3734
0.3734
0.3739
0.3739
0.3739
0.3739
0.3739
0.3739
0.3739
0.3739
0.3739
0.3739
0.3739
0.3739
0.3739
0.3739
0.3745
0.3745
0.3745
0.3745
0.3745
0.3745
0.3745
0.3745
0.3745
0.3745
0.3745
0.3745
0.3745
0.3751
0.3751
0.3751
0.3751
0.3751
0.3751
0.3751
0.3751
0.3751
0.3751
0.3751
0.3751
0.3751
0.3751
0.3756
0.3756
0.3756
0.3756
0.3756
0.3756
0.3756
0.3756
0.3756
0.3756
0.3756
0.3756
0.3756
0.3762
0.3762
0.3762
0.3762
0.3762
0.3762
0.3762
0.3762
0.3762
0.3762
0.3762
0.3762
0.3767
0.3767
0.3767
0.3767
0.3767
0.3767
0.3767
0.3767
0.3767
0.3767
0.3767
0.3767
0.3767
0.3773
0.3773
0.3773
0.3773
0.3773
0.3773
0.3773
0.3773
0.3773
0.3773
0.3773
0.3773
0.3778
0.3778
0.3778
0.3778
0.3778
0.3778
0.3778
0.3778
0.3778
0.3778
0.3778
0.3778
0.3778
0.3784
0.3784
0.3784
0.3784
0.3784
0.3784
0.3784
0.3784
0.3784
0.3784
0.3784
0.3784
0.3789
0.3789
0.3789
0.3789
0.3789
0.3789
0.3789
0.3789
0.3789
0.3789
0.3789
0.3789
0.3795
0.3795
0.3795
0.3795
0.3795
0.3795
0.3795
0.3795
0.3795
0.3795
0.3795
0.3801
0.3801
0.3801
0.3801
0.3801
0.3801
0.3801
0.3801
0.3801
0.3801
0.3801
0.3801
0.3801
0.3806
0.3806
0.3806
0.3806
0.3806
0.3806
0.3806
0.3806
0.3806
0.3806
0.3806
0.3806
0.3812
0.3812
0.3812
0.3812
0.3812
0.3812
0.3812
0.3812
0.3812
0.3812
0.3812
0.3817
0.3817
0.3817
0.3817
0.3817
0.3817
0.3817
0.3817
0.3817
0.3817
0.3817
0.3823
0.3823
0.3823
0.3823
0.3823
0.3823
0.3823
0.3823
0.3823
0.3823
0.3823
0.3823
0.3823
0.3828
0.3828
0.3828
0.3828
0.3828
0.3828
0.3828
0.3828
0.3828
0.3828
0.3828
0.3834
0.3834
0.3834
0.3834
0.3834
0.3834
0.3834
0.3834
0.3834
0.3834
0.3839
0.3839
0.3839
0.3839
0.3839
0.3839
0.3839
0.3839
0.3839
0.3839
0.3839
0.3839
0.3845
0.3845
0.3845
0.3845
0.3845
0.3845
0.3845
0.3845
0.3845
0.3845
0.385
0.385
0.385
0.385
0.385
0.385
0.385
0.385
0.385
0.385
0.3856
0.3856
0.3856
0.3856
0.3856
0.3856
0.3856
0.3856
0.3856
0.3862
0.3862
0.3862
0.3862
0.3862
0.3862
0.3862
0.3862
0.3862
0.3862
0.3867
0.3867
0.3867
0.3867
0.3867
0.3867
0.3867
0.3867
0.3867
0.3867
0.3867
0.3873
0.3873
0.3873
0.3873
0.3873
0.3873
0.3873
0.3873
0.3873
0.3873
0.3878
0.3878
0.3878
0.3878
0.3878
0.3878
0.3878
0.3878
0.3878
0.3884
0.3884
0.3884
0.3884
0.3884
0.3884
0.3884
0.3884
0.3884
0.3889
0.3889
0.3889
0.3889
0.3889
0.3889
0.3889
0.3889
0.3889
0.3889
0.3895
0.3895
0.3895
0.3895
0.3895
0.3895
0.3895
0.3895
0.3895
0.39
0.39
0.39
0.39
0.39
0.39
0.39
0.39
0.3906
0.3906
0.3906
0.3906
0.3906
0.3906
0.3906
0.3906
0.3906
0.3912
0.3912
0.3912
0.3912
0.3912
0.3912
0.3912
0.3912
0.3912
0.3917
0.3917
0.3917
0.3917
0.3917
0.3917
0.3917
0.3917
0.3917
0.3923
0.3923
0.3923
0.3923
0.3923
0.3923
0.3923
0.3923
0.3928
0.3928
0.3928
0.3928
0.3928
0.3928
0.3928
0.3928
0.3928
0.3934
0.3934
0.3934
0.3934
0.3934
0.3934
0.3934
0.3934
0.3939
0.3939
0.3939
0.3939
0.3939
0.3939
0.3939
0.3939
0.3939
0.3945
0.3945
0.3945
0.3945
0.3945
0.3945
0.3945
0.3945
0.395
0.395
0.395
0.395
0.395
0.395
0.395
0.3956
0.3956
0.3956
0.3956
0.3956
0.3956
0.3956
0.3962
0.3962
0.3962
0.3962
0.3962
0.3962
0.3962
0.3962
0.3967
0.3967
0.3967
0.3967
0.3967
0.3967
0.3967
0.3967
0.3973
0.3973
0.3973
0.3973
0.3973
0.3973
0.3973
0.3978
0.3978
0.3978
0.3978
0.3978
0.3978
0.3978
0.3984
0.3984
0.3984
0.3984
0.3984
0.3984
0.3984
0.3989
0.3989
0.3989
0.3989
0.3989
0.3989
0.3989
0.3989
0.3995
0.3995
0.3995
0.3995
0.3995
0.3995
0.3995
0.4
0.4
0.4
0.4
0.4
0.4
0.4
0.4
0.4006
0.4006
0.4006
0.4006
0.4006
0.4006
0.4012
0.4012
0.4012
0.4012
0.4012
0.4012
0.4012
0.4017
0.4017
0.4017
0.4017
0.4017
0.4017
0.4017
0.4023
0.4023
0.4023
0.4023
0.4023
0.4023
0.4028
0.4028
0.4028
0.4028
0.4028
0.4028
0.4034
0.4034
0.4034
0.4034
0.4034
0.4034
0.4039
0.4039
0.4039
0.4039
0.4039
0.4039
0.4045
0.4045
0.4045
0.4045
0.4045
0.405
0.405
0.405
0.405
0.405
0.4056
0.4056
0.4056
0.4056
0.4056
0.4056
0.4062
0.4062
0.4062
0.4062
0.4062
0.4062
0.4067
0.4067
0.4067
0.4067
0.4067
0.4073
0.4073
0.4073
0.4073
0.4073
0.4073
0.4078
0.4078
0.4078
0.4078
0.4078
0.4078
0.4084
0.4084
0.4084
0.4084
0.4084
0.4089
0.4089
0.4089
0.4089
0.4089
0.4089
0.4095
0.4095
0.4095
0.4095
0.4095
0.4101
0.4101
0.4101
0.4101
0.4101
0.4101
0.4106
0.4106
0.4106
0.4106
0.4106
0.4112
0.4112
0.4112
0.4112
0.4112
0.4117
0.4117
0.4117
0.4117
0.4117
0.4123
0.4123
0.4123
0.4123
0.4123
0.4128
0.4128
0.4128
0.4128
0.4128
0.4134
0.4134
0.4134
0.4134
0.4134
0.4139
0.4139
0.4139
0.4139
0.4139
0.4145
0.4145
0.4145
0.4145
0.4151
0.4151
0.4151
0.4151
0.4156
0.4156
0.4156
0.4156
0.4156
0.4162
0.4162
0.4162
0.4162
0.4167
0.4167
0.4167
0.4167
0.4167
0.4173
0.4173
0.4173
0.4178
0.4178
0.4178
0.4178
0.4184
0.4184
0.4184
0.4184
0.4189
0.4189
0.4189
0.4189
0.4195
0.4195
0.4195
0.4195
0.4195
0.4201
0.4201
0.4201
0.4201
0.4206
0.4206
0.4206
0.4212
0.4212
0.4212
0.4212
0.4217
0.4217
0.4217
0.4217
0.4223
0.4223
0.4223
0.4223
0.4228
0.4228
0.4228
0.4234
0.4234
0.4234
0.4234
0.4239
0.4239
0.4239
0.4239
0.4245
0.4245
0.4245
0.4251
0.4251
0.4251
0.4256
0.4256
0.4256
0.4256
0.4262
0.4262
0.4262
0.4267
0.4267
0.4267
0.4267
0.4273
0.4273
0.4273
0.4273
0.4278
0.4278
0.4278
0.4284
0.4284
0.4284
0.4289
0.4289
0.4289
0.4289
0.4295
0.4295
0.4295
0.4301
0.4301
0.4301
0.4306
0.4306
0.4306
0.4312
0.4312
0.4312
0.4312
0.4317
0.4317
0.4317
0.4323
0.4323
0.4323
0.4328
0.4328
0.4328
0.4334
0.4334
0.4334
0.4339
0.4339
0.4339
0.4345
0.4345
0.4345
0.4351
0.4351
0.4351
0.4356
0.4356
0.4356
0.4362
0.4362
0.4367
0.4367
0.4367
0.4373
0.4373
0.4373
0.4378
0.4378
0.4378
0.4384
0.4384
0.4384
0.4389
0.4389
0.4389
0.4395
0.4395
0.4395
0.4401
0.4401
0.4401
0.4406
0.4406
0.4412
0.4412
0.4412
0.4417
0.4417
0.4417
0.4423
0.4423
0.4423
0.4428
0.4428
0.4434
0.4434
0.4434
0.4434
0.4439
0.4439
0.4445
0.4445
0.4445
0.4451
0.4451
0.4456
0.4456
0.4456
0.4462
0.4462
0.4467
0.4467
0.4467
0.4473
0.4473
0.4473
0.4478
0.4478
0.4478
0.4484
0.4484
0.4484
0.4489
0.4489
0.4489
0.4495
0.4495
0.4501
0.4501
0.4501
0.4506
0.4506
0.4512
0.4512
0.4512
0.4517
0.4517
0.4517
0.4523
0.4523
0.4528
0.4528
0.4528
0.4534
0.4534
0.4534
0.4539
0.4539
0.4539
0.4545
0.4545
0.455
0.455
0.455
0.4556
0.4556
0.4556
0.4562
0.4562
0.4567
0.4567
0.4567
0.4573
0.4573
0.4578
0.4578
0.4584
0.4584
0.4584
0.4589
0.4589
0.4595
0.4595
0.4595
0.46
0.46
0.4606
0.4606
0.4606
0.4612
0.4612
0.4617
0.4617
0.4617
0.4623
0.4623
0.4628
0.4628
0.4628
0.4634
0.4634
0.4639
0.4639
0.4639
0.4645
0.4645
0.465
0.465
0.4656
0.4656
0.4656
0.4662
0.4662
0.4667
0.4667
0.4667
0.4673
0.4673
0.4673
0.4678
0.4678
0.4684
0.4684
0.4684
0.4689
0.4689
0.4695
0.4695
0.4695
0.47
0.47
0.4706
0.4706
0.4706
0.4712
0.4712
0.4717
0.4717
0.4723
0.4723
0.4723
0.4728
0.4728
0.4728
0.4734
0.4734
0.4739
0.4739
0.4745
0.4745
0.4745
0.4751
0.4751
0.4756
0.4756
0.4756
0.4762
0.4762
0.4762
0.4767
0.4767
0.4773
0.4773
0.4773
0.4778
0.4778
0.4778
0.4784
0.4784
0.4789
0.4789
0.4789
0.4795
0.4795
0.4795
0.4801
0.4801
0.4806
0.4806
0.4806
0.4812
0.4812
0.4812
0.4817
0.4817
0.4817
0.4823
0.4823
0.4828
0.4828
0.4828
0.4834
0.4834
0.4839
0.4839
0.4845
0.4845
0.4845
0.4851
0.4851
0.4856
0.4856
0.4856
0.4862
0.4862
0.4867
0.4867
0.4867
0.4873
0.4873
0.4878
0.4878
0.4878
0.4884
0.4884
0.4889
0.4889
0.4889
0.4895
0.4895
0.4901
0.4901
0.4906
0.4906
0.4906
0.4912
0.4912
0.4912
0.4917
0.4917
0.4923
0.4923
0.4928
0.4928
0.4928
0.4934
0.4934
0.4939
0.4939
0.4939
0.4945
0.4945
0.4951
0.4951
0.4956
0.4956
0.4956
0.4962
0.4962
0.4962
0.4967
0.4967
0.4973
0.4973
0.4978
0.4978
0.4978
0.4984
0.4984
0.4989
0.4989
0.4989
0.4995
0.4995
0.5001
0.5001
0.5001
0.5006
0.5006
0.5006
0.5012
0.5012
0.5017
0.5017
0.5017
0.5023
0.5023
0.5028
0.5028
0.5034
0.5034
0.5034
0.5039
0.5039
0.5045
0.5045
0.5045
0.5051
0.5051
0.5056
0.5056
0.5062
0.5062
0.5062
0.5067
0.5067
0.5073
0.5073
0.5073
0.5078
0.5078
0.5084
0.5084
0.5089
0.5089
0.5089
0.5095
0.5095
0.5101
0.5101
0.5106
0.5106
0.5106
0.5112
0.5112
0.5112
0.5117
0.5117
0.5123
0.5123
0.5123
0.5128
0.5128
0.5128
0.5134
0.5134
0.5139
0.5139
0.5145
0.5145
0.5145
0.5151
0.5151
0.5156
0.5156
0.5156
0.5162
0.5162
0.5167
0.5167
0.5167
0.5173
0.5173
0.5178
0.5178
0.5184
0.5184
0.5189
0.5189
0.5189
0.5195
0.5195
0.5201
0.5201
0.5206
0.5206
0.5206
0.5212
0.5212
0.5217
0.5217
0.5217
0.5223
0.5223
0.5223
0.5228
0.5228
0.5234
0.5234
0.5234
0.5239
0.5239
0.5245
0.5245
0.5245
0.525
0.525
0.525
0.5256
0.5256
0.5262
0.5262
0.5262
0.5267
0.5267
0.5273
0.5273
0.5278
0.5278
0.5278
0.5284
0.5284
0.5289
0.5289
0.5295
0.5295
0.5295
0.53
0.53
0.53
0.5306
0.5306
0.5312
0.5312
0.5317
0.5317
0.5317
0.5323
0.5323
0.5323
0.5328
0.5328
0.5334
0.5334
0.5334
0.5339
0.5339
0.5339
0.5345
0.5345
0.535
0.535
0.535
0.5356
0.5356
0.5362
0.5362
0.5367
0.5367
0.5367
0.5373
0.5373
0.5378
0.5378
0.5378
0.5384
0.5384
0.5389
0.5389
0.5389
0.5395
0.5395
0.54
0.54
0.54
0.5406
0.5406
0.5412
0.5412
0.5412
0.5417
0.5417
0.5417
0.5423
0.5423
0.5428
0.5428
0.5428
0.5434
0.5434
0.5434
0.5439
0.5439
0.5445
0.5445
0.5445
0.545
0.545
0.5456
0.5456
0.5456
0.5462
0.5462
0.5467
0.5467
0.5467
0.5473
0.5473
0.5478
0.5478
0.5478
0.5484
0.5484
0.5489
0.5489
0.5489
0.5495
0.5495
0.55
0.55
0.55
0.5506
0.5506
0.5512
0.5512
0.5512
0.5517
0.5517
0.5523
0.5523
0.5523
0.5528
0.5528
0.5528
0.5534
0.5534
0.5539
0.5539
0.5539
0.5545
0.5545
0.555
0.555
0.5556
0.5556
0.5556
0.5562
0.5562
0.5562
0.5567
0.5567
0.5573
0.5573
0.5573
0.5578
0.5578
0.5584
0.5584
0.5584
0.5589
0.5589
0.5589
0.5595
0.5595
0.56
0.56
0.5606
0.5606
0.5612
0.5612
0.5612
0.5617
0.5617
0.5617
0.5623
0.5623
0.5628
0.5628
0.5628
0.5634
0.5634
0.5639
0.5639
0.5639
0.5645
0.5645
0.565
0.565
0.565
0.5656
0.5656
0.5662
0.5662
0.5662
0.5667
0.5667
0.5673
0.5673
0.5673
0.5678
0.5678
0.5684
0.5684
0.5689
0.5689
0.5689
0.5695
0.5695
0.57
0.57
0.5706
0.5706
0.5706
0.5712
0.5712
0.5712
0.5717
0.5717
0.5723
0.5723
0.5723
0.5728
0.5728
0.5734
0.5734
0.5734
0.5739
0.5739
0.5745
0.5745
0.575
0.575
0.575
0.5756
0.5756
0.5762
0.5762
0.5762
0.5767
0.5767
0.5773
0.5773
0.5778
0.5778
0.5778
0.5784
0.5784
0.5789
0.5789
0.5789
0.5795
0.5795
0.58
0.58
0.5806
0.5806
0.5806
0.5812
0.5812
0.5817
0.5817
0.5823
0.5823
0.5828
0.5828
0.5828
0.5834
0.5834
0.5839
0.5839
0.5845
0.5845
0.5845
0.585
0.585
0.5856
0.5856
0.5862
0.5862
0.5867
0.5867
0.5867
0.5873
0.5873
0.5878
0.5878
0.5884
0.5884
0.5889
0.5889
0.5895
0.5895
0.5895
0.59
0.59
0.5906
0.5906
0.5906
0.5912
0.5912
0.5917
0.5917
0.5923
0.5923
0.5928
0.5928
0.5928
0.5934
0.5934
0.5939
0.5939
0.5945
0.5945
0.595
0.595
0.5956
0.5956
0.5962
0.5962
0.5962
0.5967
0.5967
0.5973
0.5973
0.5978
0.5978
0.5984
0.5984
0.5989
0.5989
0.5995
0.5995
0.6
0.6
0.6
0.6006
0.6006
0.6012
0.6012
0.6017
0.6017
0.6023
0.6023
0.6028
0.6028
0.6034
0.6034
0.6039
0.6039
0.6045
0.6045
0.605
0.605
0.6056
0.6056
0.6062
0.6062
0.6067
0.6067
0.6073
0.6078
0.6078
0.6084
0.6084
0.6089
0.6089
0.6095
0.6095
0.6101
0.6101
0.6106
0.6106
0.6112
0.6117
0.6117
0.6123
0.6128
0.6128
0.6134
0.6134
0.6139
0.6139
0.6145
0.6151
0.6151
0.6156
0.6156
0.6162
0.6167
0.6167
0.6173
0.6178
0.6178
0.6184
0.6184
0.6189
0.6195
0.6195
0.6201
0.6206
0.6206
0.6212
0.6217
0.6223
0.6223
0.6228
0.6234
0.6234
0.6239
0.6245
0.6245
0.6251
0.6256
0.6256
0.6262
0.6267
0.6273
0.6273
0.6278
0.6278
0.6284
0.6289
0.6295
0.6295
0.63
0.6306
0.6312
0.6317
0.6317
0.6323
0.6328
0.6334
0.6339
0.6345
0.6345
0.6351
0.6356
0.6362
0.6362
0.6367
0.6373
0.6378
0.6384
0.6389
0.6389
0.6395
0.64
0.6406
0.6412
0.6417
0.6423
0.6428
0.6434
0.6439
0.6439
0.6451
0.6456
0.6456
0.6467
0.6467
0.6473
0.6478
0.6484
0.6489
0.6495
0.6506
0.6512
0.6517
0.6523
0.6528
0.6534
0.6539
0.6545
0.6551
0.6556
0.6562
0.6573
0.6578
0.6584
0.6595
0.66
0.6606
0.6612
0.6617
0.6623
0.6634
0.6639
0.6645
0.6651
0.6662
0.6667
0.6673
0.6678
0.6689
0.6695
0.67
0.6712
0.6717
0.6723
0.6734
0.6745
0.6756
0.6762
0.6773
0.6778
0.6789
0.68
0.6806
0.6817
0.6828
0.6834
0.6845
0.6851
0.6862
0.6867
0.6878
0.6895
0.6906
0.6912
0.6923
0.6928
0.6939
0.695
0.6962
0.6967
0.6978
0.6989
0.7
0.7012
0.7023
0.7034
0.7045
0.7056
0.7067
0.7078
0.7089
0.71
0.7112
0.7128
0.7134
0.7145
0.7156
0.7173
0.7184
0.7189
0.7206
0.7217
0.7223
0.7239
0.725
0.7262
0.7273
0.7284
0.7295
0.73
0.7312
0.7328
0.7339
0.735
0.7362
0.7373
0.7384
0.7395
0.7406
0.7417
0.7428
0.7434
0.7451
0.7462
0.7467
0.7478
0.7489
0.7495
0.7506
0.7517
0.7523
0.7534
0.7539
0.7551
0.7562
0.7567
0.7578
0.7589
0.7595
0.7606
0.7612
0.7623
0.7634
0.7639
0.7651
0.7662
0.7667
0.7678
0.7689
0.7695
0.7706
0.7712
0.7723
0.7728
0.7734
0.7745
0.7756
0.7762
0.7773
0.7784
0.7789
0.7795
0.7806
0.7812
0.7823
0.7828
0.7839
0.7845
0.7856
0.7867
0.7878
0.7884
0.7895
0.79
0.7912
0.7923
0.7928
0.7934
0.7945
0.7956
0.7962
0.7973
0.7978
0.7989
0.8
0.8006
0.8012
0.8023
0.8034
0.8039
0.8051
0.8056
0.8067
0.8073
0.8084
0.8089
0.81
0.8112
0.8117
0.8128
0.8139
0.8145
0.8151
0.8162
0.8167
0.8178
0.8184
0.8195
0.8201
0.8206
0.8217
0.8223
0.8228
0.8239
0.8245
0.8256
0.8262
0.8273
0.8278
0.8284
0.8295
0.8301
0.8312
0.8317
0.8323
0.8328
0.8334
0.8339
0.8345
0.8351
0.8362
0.8367
0.8373
0.8378
0.8384
0.8395
0.8401
0.8406
0.8412
0.8417
0.8428
0.8434
0.8439
0.8445
0.8451
0.8456
0.8462
0.8467
0.8473
0.8484
0.8484
0.8489
0.8501
0.8506
0.8512
0.8517
0.8523
0.8528
0.8534
0.8539
0.8545
0.8551
0.8556
0.8562
0.8567
0.8573
0.8584
0.8584
0.8589
0.8595
0.8606
0.8612
0.8617
0.8623
0.8628
0.8634
0.8639
0.8645
0.8651
0.8656
0.8662
0.8667
0.8673
0.8678
0.8684
0.8689
0.8695
0.8701
0.8706
0.8712
0.8717
0.8723
0.8728
0.8734
0.8734
0.8745
0.8751
0.8751
0.8756
0.8762
0.8767
0.8773
0.8778
0.8784
0.8789
0.8795
0.8801
0.8801
0.8806
0.8812
0.8817
0.8823
0.8828
0.8834
0.8839
0.8839
0.8845
0.8851
0.8856
0.8862
0.8867
0.8873
0.8878
0.8884
0.8889
0.8895
0.8901
0.8906
0.8912
0.8912
0.8917
0.8923
0.8928
0.8934
0.8939
0.8945
0.8951
0.8956
0.8962
0.8962
0.8967
0.8973
0.8978
0.8984
0.8989
0.8989
0.9001
0.9001
0.9006
0.9012
0.9017
0.9023
0.9028
0.9039
0.9039
0.9045
0.9051
0.9056
0.9062
0.9067
0.9073
0.9078
0.9084
0.9089
0.9095
0.9095
0.91
0.9106
0.9112
0.9117
0.9123
0.9128
0.9134
0.9139
0.9139
0.9151
0.9151
0.9156
0.9162
0.9167
0.9173
0.9173
0.9178
0.9184
0.9189
0.9189
0.9195
0.92
0.9206
0.9212
0.9217
0.9223
0.9228
0.9228
0.9234
0.9239
0.9245
0.9251
0.9256
0.9262
0.9267
0.9273
0.9278
0.9284
0.9289
0.9295
0.93
0.93
0.9306
0.9312
0.9317
0.9323
0.9328
0.9334
0.9339
0.9345
0.9351
0.9356
0.9362
0.9367
0.9373
0.9378
0.9384
0.9389
0.9395
0.94
0.9406
0.9412
0.9417
0.9423
0.9428
0.9434
0.9439
0.9445
0.9451
0.9456
0.9462
0.9473
0.9478
0.9484
0.9489
0.9495
0.9501
0.9506
0.9517
0.9523
0.9528
0.9534
0.9539
0.9545
0.9551
0.9556
0.9567
0.9573
0.9578
0.9584
0.9589
0.9595
0.9601
0.9612
0.9617
0.9628
0.9634
0.9639
0.9645
0.9651
0.9662
0.9667
0.9673
0.9678
0.9689
0.9695
0.9701
0.9706
0.9717
0.9723
0.9728
0.9734
0.9745
0.975
0.9762
0.9767
0.9773
0.9784
0.9789
0.9801
0.9806
0.9817
0.9828
0.9834
0.9845
0.9856
0.9862
0.9873
0.9884
0.9889
0.9895
0.9906
0.9912
0.9917
0.9928
0.9934
0.9945
0.995
0.9962
0.9973
0.9984
0.9989
1.0001
1.0012
1.0017
1.0028
1.0039
1.005
1.0056
1.0067
1.0078
1.0084
1.0095
1.0106
1.0117
1.0128
1.0139
1.015
1.0162
1.0173
1.0184
1.0201
1.0212
1.0217
1.0234
1.0245
1.0256
1.0262
1.0273
1.0284
1.0295
1.0312
1.0323
1.0334
1.035
1.0367
1.0378
1.0389
1.0406
1.0423
1.0439
1.045
1.0467
1.0478
1.05
1.0512
1.0528
1.0545
1.0562
1.0578
1.0589
1.0606
1.0617
1.0634
1.065
1.0667
1.0684
1.0706
1.0728
1.0745
1.0767
1.0778
1.08
1.0817
1.0845
1.0867
1.0889
1.0906
1.0928
1.0951
1.0978
1.1006
1.1028
1.1056
1.1084
1.1106
1.1128
1.1162
1.1189
1.1217
1.1245
1.1278
1.1312
1.1339
1.1378
1.1423
1.1462
1.15
1.1523
1.1567
1.1617
1.1651
1.1689
1.1734
1.1762
1.1795
1.1839
1.1878
1.1912
1.1956
1.1989
1.2034
1.2073
1.2117
1.2167
1.2212
1.2273
1.2317
1.2384
1.2439
1.2495
1.255
1.26
1.2656
1.2717
1.2784
1.2834
1.2889
1.2934
1.2989
1.3084
1.3156
1.3234
1.3317
1.34
1.3473
1.3595
1.3723
1.3873
1.4062
1.4228
1.4328
1.4423
1.4512
1.4578
1.4645
1.4712
1.4784
1.4851
1.4912
1.4989
1.5034
1.5089
1.5145
1.5184
1.5234
1.5278
1.5317
1.5373
1.5434
1.5489
1.5534
1.5584
1.5639
1.5689
1.5739
1.5806
1.5845
1.5901
1.5962
1.6012
1.6073
1.6128
1.6178
1.625
1.6317
1.6373
1.6434
1.6534
1.6628
1.6706
1.6773
1.6828
1.6895
1.6962
1.7039
1.7106
1.7173
1.7234
1.7295
1.7362
1.7428
1.7495
1.7556
1.7601
1.7667
1.7762
1.7823
1.7884
1.7962
1.8028
1.8101
1.8184
1.8262
1.8334
1.8423
1.8528
1.8639
1.8778
1.8906
1.9078
1.9223
1.9356
1.9456
1.9589
1.9717
1.9812
1.9945
2.0067
2.0156
2.0234
2.0367
2.0462
2.0545
2.0645
2.0723
2.0789
2.0912
2.1
2.1084
2.1167
2.1256
2.1356
2.1434
2.1512
2.1578
2.1651
2.1717
2.18
2.1878
2.195
2.2023
2.2095
2.2189
2.2251
2.2334
2.24
2.2467
2.2545
2.2617
2.2701
2.2756
2.2851
2.2912
2.2995
2.3051
2.3123
2.3189
2.3273
2.3317
2.3373
2.3456
2.3523
2.3606
2.3656
2.3717
2.3784
2.3834
2.3895
2.3951
2.4006
2.4073
2.4145
2.4195
2.4262
2.4345
2.4406
2.4478
2.4534
2.4578
2.4662
2.4728
2.4801
2.4856
2.4939
2.5001
2.5062
2.5145
2.5212
2.5278
2.5339
2.5401
2.5473
2.5545
2.5606
2.5678
2.5734
2.5795
2.5856
2.5906
2.5967
2.6023
2.6084
2.6145
2.6201
2.6262
2.6317
2.6378
2.6439
2.6495
2.655
2.6612
2.6656
2.6717
2.6789
2.6862
2.6934
2.6989
2.7039
2.7123
2.7173
2.7245
2.7306
2.7378
2.7439
2.7495
2.7573
2.7623
2.7673
2.7717
2.7778
