0.1841
0.1947
0.203
0.2111
0.2161
0.2201
0.2237
0.2271
0.23
0.233
0.2354
0.2377
0.2397
0.2417
0.2437
0.2454
0.2474
0.2487
0.2504
0.2514
0.2527
0.2541
0.2554
0.2564
0.2577
0.2587
0.2601
0.2607
0.2617
0.2627
0.2637
0.2644
0.2651
0.2661
0.2671
0.2677
0.2684
0.2691
0.2701
0.2707
0.2714
0.272
0.2727
0.273
0.2737
0.274
0.2747
0.2754
0.2757
0.2764
0.277
0.2777
0.278
0.2787
0.2794
0.2797
0.28
0.2807
0.281
0.2814
0.282
0.2824
0.283
0.2834
0.284
0.2844
0.2847
0.2854
0.2857
0.286
0.2867
0.287
0.2874
0.2877
0.2884
0.2887
0.289
0.2894
0.2897
0.29
0.2904
0.2907
0.291
0.2914
0.2917
0.292
0.2927
0.293
0.2934
0.2937
0.2937
0.294
0.2944
0.295
0.295
0.2954
0.2957
0.296
0.2964
0.2967
0.297
0.2974
0.2977
0.298
0.298
0.2984
0.2987
0.299
0.2994
0.2997
0.3
0.3004
0.3004
0.3007
0.301
0.3014
0.3014
0.3017
0.302
0.3024
0.3027
0.3027
0.303
0.3034
0.3037
0.3037
0.3041
0.3044
0.3044
0.3047
0.3051
0.3054
0.3054
0.3057
0.3061
0.3064
0.3064
0.3067
0.3071
0.3071
0.3074
0.3077
0.3077
0.3081
0.3084
0.3084
0.3087
0.3091
0.3091
0.3094
0.3094
0.3097
0.3101
0.3101
0.3104
0.3107
0.3107
0.3111
0.3111
0.3114
0.3117
0.3117
0.3121
0.3121
0.3124
0.3127
0.3127
0.3131
0.3134
0.3134
0.3137
0.3137
0.3141
0.3144
0.3144
0.3147
0.3147
0.3151
0.3154
0.3154
0.3157
0.3157
0.3161
0.3161
0.3164
0.3164
0.3167
0.3167
0.3171
0.3171
0.3174
0.3174
0.3177
0.3177
0.3181
0.3181
0.3184
0.3187
0.3187
0.3187
0.3191
0.3191
0.3194
0.3194
0.3197
0.3197
0.3201
0.3201
0.3204
0.3204
0.3207
0.3207
0.3211
0.3211
0.3211
0.3214
0.3214
0.3217
0.3217
0.3221
0.3221
0.3224
0.3224
0.3227
0.3227
0.3231
0.3231
0.3234
0.3234
0.3237
0.3237
0.3237
0.3241
0.3241
0.3244
0.3244
0.3247
0.3247
0.3251
0.3251
0.3251
0.3254
0.3254
0.3257
0.3257
0.3261
0.3261
0.3261
0.3264
0.3264
0.3267
0.3267
0.3267
0.3271
0.3271
0.3274
0.3274
0.3274
0.3277
0.3277
0.3281
0.3281
0.3281
0.3284
0.3284
0.3287
0.3287
0.3287
0.3291
0.3291
0.3294
0.3294
0.3297
0.3297
0.3297
0.3301
0.3301
0.3304
0.3304
0.3304
0.3307
0.3307
0.3311
0.3311
0.3311
0.3314
0.3314
0.3314
0.3317
0.3317
0.3321
0.3321
0.3321
0.3324
0.3324
0.3327
0.3327
0.3327
0.3331
0.3331
0.3331
0.3334
0.3334
0.3337
0.3337
0.3337
0.3341
0.3341
0.3341
0.3344
0.3344
0.3344
0.3347
0.3347
0.335
0.335
0.335
0.3354
0.3354
0.3354
0.3357
0.3357
0.3357
0.3361
0.3361
0.3361
0.3364
0.3364
0.3364
0.3367
0.3367
0.3367
0.337
0.337
0.337
0.3374
0.3374
0.3374
0.3377
0.3377
0.3377
0.3381
0.3381
0.3381
0.3384
0.3384
0.3384
0.3387
0.3387
0.3387
0.339
0.339
0.339
0.3394
0.3394
0.3394
0.3397
0.3397
0.3397
0.3401
0.3401
0.3401
0.3401
0.3404
0.3404
0.3404
0.3407
0.3407
0.3407
0.341
0.341
0.341
0.3414
0.3414
0.3414
0.3417
0.3417
0.3417
0.3421
0.3421
0.3421
0.3424
0.3424
0.3424
0.3427
0.3427
0.3427
0.343
0.343
0.343
0.3434
0.3434
0.3434
0.3437
0.3437
0.3437
0.3441
0.3441
0.3441
0.3441
0.3444
0.3444
0.3444
0.3447
0.3447
0.3447
0.345
0.345
0.345
0.3454
0.3454
0.3454
0.3457
0.3457
0.3457
0.3461
0.3461
0.3461
0.3461
0.3464
0.3464
0.3464
0.3467
0.3467
0.3467
0.347
0.347
0.347
0.347
0.3474
0.3474
0.3474
0.3477
0.3477
0.3477
0.3477
0.3481
0.3481
0.3481
0.3484
0.3484
0.3484
0.3484
0.3487
0.3487
0.3487
0.349
0.349
0.349
0.349
0.3494
0.3494
0.3494
0.3497
0.3497
0.3497
0.3501
0.3501
0.3501
0.3501
0.3504
0.3504
0.3504
0.3507
0.3507
0.3507
0.3507
0.351
0.351
0.351
0.3514
0.3514
0.3514
0.3514
0.3517
0.3517
0.3517
0.3521
0.3521
0.3521
0.3521
0.3524
0.3524
0.3524
0.3527
0.3527
0.3527
0.3527
0.353
0.353
0.353
0.353
0.3534
0.3534
0.3534
0.3537
0.3537
0.3537
0.3537
0.3541
0.3541
0.3541
0.3544
0.3544
0.3544
0.3544
0.3544
0.3547
0.3547
0.3547
0.355
0.355
0.355
0.355
0.3554
0.3554
0.3554
0.3554
0.3557
0.3557
0.3557
0.3557
0.3561
0.3561
0.3561
0.3564
0.3564
0.3564
0.3564
0.3567
0.3567
0.3567
0.3567
0.357
0.357
0.357
0.3574
0.3574
0.3574
0.3574
0.3577
0.3577
0.3577
0.3581
0.3581
0.3581
0.3581
0.3584
0.3584
0.3584
0.3584
0.3587
0.3587
0.3587
0.3587
0.359
0.359
0.359
0.359
0.3594
0.3594
0.3594
0.3594
0.3597
0.3597
0.3597
0.3601
0.3601
0.3601
0.3601
0.3604
0.3604
0.3604
0.3604
0.3607
0.3607
0.3607
0.3607
0.361
0.361
0.361
0.361
0.3614
0.3614
0.3614
0.3614
0.3617
0.3617
0.3617
0.3617
0.3621
0.3621
0.3621
0.3621
0.3624
0.3624
0.3624
0.3624
0.3627
0.3627
0.3627
0.3627
0.363
0.363
0.363
0.363
0.3634
0.3634
0.3634
0.3634
0.3637
0.3637
0.3637
0.3637
0.3641
0.3641
0.3641
0.3641
0.3644
0.3644
0.3644
0.3644
0.3647
0.3647
0.3647
0.3647
0.365
0.365
0.365
0.3654
0.3654
0.3654
0.3654
0.3657
0.3657
0.3657
0.3657
0.3657
0.3661
0.3661
0.3661
0.3664
0.3664
0.3664
0.3664
0.3664
0.3667
0.3667
0.3667
0.3667
0.367
0.367
0.367
0.367
0.3674
0.3674
0.3674
0.3674
0.3677
0.3677
0.3677
0.3677
0.3681
0.3681
0.3681
0.3681
0.3684
0.3684
0.3684
0.3684
0.3687
0.3687
0.3687
0.3687
0.369
0.369
0.369
0.369
0.3694
0.3694
0.3694
0.3694
0.3697
0.3697
0.3697
0.3697
0.3701
0.3701
0.3701
0.3701
0.3704
0.3704
0.3704
0.3704
0.3707
0.3707
0.3707
0.3707
0.3707
0.3711
0.3711
0.3711
0.3711
0.3714
0.3714
0.3714
0.3714
0.3717
0.3717
0.3717
0.3717
0.3721
0.3721
0.3721
0.3721
0.3721
0.3724
0.3724
0.3724
0.3724
0.3727
0.3727
0.3727
0.3727
0.3731
0.3731
0.3731
0.3731
0.3731
0.3734
0.3734
0.3734
0.3734
0.3737
0.3737
0.3737
0.3737
0.3741
0.3741
0.3741
0.3741
0.3741
0.3744
0.3744
0.3744
0.3744
0.3747
0.3747
0.3747
0.3747
0.3747
0.3751
0.3751
0.3751
0.3751
0.3754
0.3754
0.3754
0.3754
0.3754
0.3757
0.3757
0.3757
0.3757
0.376
0.376
0.376
0.376
0.3764
0.3764
0.3764
0.3764
0.3764
0.3767
0.3767
0.3767
0.3767
0.3771
0.3771
0.3771
0.3771
0.3774
0.3774
0.3774
0.3774
0.3774
0.3777
0.3777
0.3777
0.3777
0.378
0.378
0.378
0.378
0.3784
0.3784
0.3784
0.3784
0.3784
0.3787
0.3787
0.3787
0.3787
0.3791
0.3791
0.3791
0.3791
0.3794
0.3794
0.3794
0.3794
0.3794
0.3797
0.3797
0.3797
0.3797
0.38
0.38
0.38
0.38
0.3804
0.3804
0.3804
0.3804
0.3804
0.3807
0.3807
0.3807
0.3807
0.3811
0.3811
0.3811
0.3811
0.3814
0.3814
0.3814
0.3814
0.3817
0.3817
0.3817
0.3817
0.3817
0.382
0.382
0.382
0.382
0.3824
0.3824
0.3824
0.3824
0.3827
0.3827
0.3827
0.3827
0.3827
0.3831
0.3831
0.3831
0.3831
0.3834
0.3834
0.3834
0.3834
0.3834
0.3837
0.3837
0.3837
0.3837
0.3837
0.384
0.384
0.384
0.384
0.3844
0.3844
0.3844
0.3844
0.3844
0.3847
0.3847
0.3847
0.3847
0.3851
0.3851
0.3851
0.3851
0.3854
0.3854
0.3854
0.3854
0.3854
0.3857
0.3857
0.3857
0.3857
0.3857
0.386
0.386
0.386
0.386
0.386
0.3864
0.3864
0.3864
0.3864
0.3867
0.3867
0.3867
0.3867
0.3867
0.3871
0.3871
0.3871
0.3871
0.3874
0.3874
0.3874
0.3874
0.3874
0.3877
0.3877
0.3877
0.3877
0.388
0.388
0.388
0.388
0.388
0.3884
0.3884
0.3884
0.3884
0.3884
0.3887
0.3887
0.3887
0.3887
0.3891
0.3891
0.3891
0.3891
0.3891
0.3894
0.3894
0.3894
0.3894
0.3897
0.3897
0.3897
0.3897
0.3897
0.39
0.39
0.39
0.39
0.3904
0.3904
0.3904
0.3904
0.3904
0.3907
0.3907
0.3907
0.3907
0.3907
0.3911
0.3911
0.3911
0.3911
0.3911
0.3914
0.3914
0.3914
0.3914
0.3917
0.3917
0.3917
0.3917
0.3917
0.392
0.392
0.392
0.392
0.392
0.3924
0.3924
0.3924
0.3924
0.3924
0.3927
0.3927
0.3927
0.3927
0.3931
0.3931
0.3931
0.3931
0.3931
0.3934
0.3934
0.3934
0.3934
0.3934
0.3937
0.3937
0.3937
0.3937
0.3937
0.394
0.394
0.394
0.394
0.3944
0.3944
0.3944
0.3944
0.3944
0.3947
0.3947
0.3947
0.3947
0.3947
0.3951
0.3951
0.3951
0.3951
0.3951
0.3954
0.3954
0.3954
0.3954
0.3954
0.3957
0.3957
0.3957
0.3957
0.396
0.396
0.396
0.396
0.396
0.3964
0.3964
0.3964
0.3964
0.3964
0.3967
0.3967
0.3967
0.3967
0.3967
0.3971
0.3971
0.3971
0.3971
0.3974
0.3974
0.3974
0.3974
0.3974
0.3977
0.3977
0.3977
0.3977
0.3977
0.398
0.398
0.398
0.398
0.398
0.3984
0.3984
0.3984
0.3984
0.3987
0.3987
0.3987
0.3987
0.3987
0.3991
0.3991
0.3991
0.3991
0.3991
0.3994
0.3994
0.3994
0.3994
0.3994
0.3997
0.3997
0.3997
0.3997
0.4
0.4
0.4
0.4
0.4
0.4004
0.4004
0.4004
0.4004
0.4004
0.4007
0.4007
0.4007
0.4007
0.4007
0.4011
0.4011
0.4011
0.4011
0.4011
0.4014
0.4014
0.4014
0.4014
0.4014
0.4017
0.4017
0.4017
0.4017
0.402
0.402
0.402
0.402
0.402
0.4024
0.4024
0.4024
0.4024
0.4024
0.4027
0.4027
0.4027
0.4027
0.4027
0.4031
0.4031
0.4031
0.4031
0.4031
0.4034
0.4034
0.4034
0.4034
0.4034
0.4037
0.4037
0.4037
0.4037
0.4037
0.404
0.404
0.404
0.404
0.404
0.4044
0.4044
0.4044
0.4044
0.4044
0.4047
0.4047
0.4047
0.4047
0.4047
0.4051
0.4051
0.4051
0.4051
0.4051
0.4054
0.4054
0.4054
0.4054
0.4054
0.4057
0.4057
0.4057
0.4057
0.406
0.406
0.406
0.406
0.406
0.4064
0.4064
0.4064
0.4064
0.4064
0.4067
0.4067
0.4067
0.4067
0.4067
0.4067
0.4071
0.4071
0.4071
0.4071
0.4071
0.4074
0.4074
0.4074
0.4074
0.4077
0.4077
0.4077
0.4077
0.4077
0.4077
0.408
0.408
0.408
0.408
0.4084
0.4084
0.4084
0.4084
0.4084
0.4087
0.4087
0.4087
0.4087
0.4087
0.4091
0.4091
0.4091
0.4091
0.4091
0.4094
0.4094
0.4094
0.4094
0.4094
0.4097
0.4097
0.4097
0.4097
0.4097
0.4101
0.4101
0.4101
0.4101
0.4101
0.4104
0.4104
0.4104
0.4104
0.4104
0.4107
0.4107
0.4107
0.4107
0.4107
0.4111
0.4111
0.4111
0.4111
0.4111
0.4114
0.4114
0.4114
0.4114
0.4114
0.4117
0.4117
0.4117
0.4117
0.4117
0.4121
0.4121
0.4121
0.4121
0.4121
0.4124
0.4124
0.4124
0.4124
0.4124
0.4127
0.4127
0.4127
0.4127
0.4127
0.4131
0.4131
0.4131
0.4131
0.4134
0.4134
0.4134
0.4134
0.4134
0.4137
0.4137
0.4137
0.4137
0.4137
0.4141
0.4141
0.4141
0.4141
0.4141
0.4144
0.4144
0.4144
0.4144
0.4144
0.4147
0.4147
0.4147
0.4147
0.4147
0.4151
0.4151
0.4151
0.4151
0.4151
0.4154
0.4154
0.4154
0.4154
0.4154
0.4157
0.4157
0.4157
0.4157
0.4157
0.4161
0.4161
0.4161
0.4161
0.4161
0.4164
0.4164
0.4164
0.4164
0.4164
0.4167
0.4167
0.4167
0.4167
0.4167
0.4171
0.4171
0.4171
0.4171
0.4171
0.4174
0.4174
0.4174
0.4174
0.4174
0.4177
0.4177
0.4177
0.4177
0.4177
0.4181
0.4181
0.4181
0.4181
0.4181
0.4184
0.4184
0.4184
0.4184
0.4184
0.4187
0.4187
0.4187
0.4187
0.4187
0.4191
0.4191
0.4191
0.4191
0.4191
0.4194
0.4194
0.4194
0.4194
0.4194
0.4197
0.4197
0.4197
0.4197
0.4197
0.4201
0.4201
0.4201
0.4201
0.4201
0.4204
0.4204
0.4204
0.4204
0.4204
0.4207
0.4207
0.4207
0.4207
0.4207
0.4211
0.4211
0.4211
0.4211
0.4211
0.4214
0.4214
0.4214
0.4214
0.4214
0.4217
0.4217
0.4217
0.4217
0.4217
0.4221
0.4221
0.4221
0.4221
0.4221
0.4224
0.4224
0.4224
0.4224
0.4224
0.4227
0.4227
0.4227
0.4227
0.4227
0.4227
0.4231
0.4231
0.4231
0.4231
0.4231
0.4234
0.4234
0.4234
0.4234
0.4234
0.4237
0.4237
0.4237
0.4237
0.4237
0.4237
0.4241
0.4241
0.4241
0.4241
0.4241
0.4244
0.4244
0.4244
0.4244
0.4244
0.4244
0.4247
0.4247
0.4247
0.4247
0.4251
0.4251
0.4251
0.4251
0.4251
0.4254
0.4254
0.4254
0.4254
0.4254
0.4254
0.4257
0.4257
0.4257
0.4257
0.4261
0.4261
0.4261
0.4261
0.4261
0.4261
0.4264
0.4264
0.4264
0.4264
0.4264
0.4267
0.4267
0.4267
0.4267
0.4267
0.4271
0.4271
0.4271
0.4271
0.4271
0.4274
0.4274
0.4274
0.4274
0.4274
0.4277
0.4277
0.4277
0.4277
0.4277
0.4281
0.4281
0.4281
0.4281
0.4281
0.4284
0.4284
0.4284
0.4284
0.4284
0.4287
0.4287
0.4287
0.4287
0.4287
0.4291
0.4291
0.4291
0.4291
0.4291
0.4294
0.4294
0.4294
0.4294
0.4294
0.4297
0.4297
0.4297
0.4297
0.4297
0.4301
0.4301
0.4301
0.4301
0.4301
0.4304
0.4304
0.4304
0.4304
0.4304
0.4307
0.4307
0.4307
0.4307
0.4307
0.4311
0.4311
0.4311
0.4311
0.4311
0.4314
0.4314
0.4314
0.4314
0.4314
0.4317
0.4317
0.4317
0.4317
0.4317
0.4317
0.4321
0.4321
0.4321
0.4321
0.4321
0.4324
0.4324
0.4324
0.4324
0.4327
0.4327
0.4327
0.4327
0.4327
0.4331
0.4331
0.4331
0.4331
0.4331
0.4334
0.4334
0.4334
0.4334
0.4334
0.4334
0.4337
0.4337
0.4337
0.4337
0.4337
0.4341
0.4341
0.4341
0.4341
0.4341
0.4344
0.4344
0.4344
0.4344
0.4344
0.4347
0.4347
0.4347
0.4347
0.4347
0.4351
0.4351
0.4351
0.4351
0.4351
0.4351
0.4354
0.4354
0.4354
0.4354
0.4354
0.4357
0.4357
0.4357
0.4357
0.4357
0.4361
0.4361
0.4361
0.4361
0.4361
0.4364
0.4364
0.4364
0.4364
0.4367
0.4367
0.4367
0.4367
0.4367
0.4367
0.4371
0.4371
0.4371
0.4371
0.4371
0.4374
0.4374
0.4374
0.4374
0.4374
0.4377
0.4377
0.4377
0.4377
0.4377
0.4381
0.4381
0.4381
0.4381
0.4381
0.4384
0.4384
0.4384
0.4384
0.4384
0.4387
0.4387
0.4387
0.4387
0.4387
0.4391
0.4391
0.4391
0.4391
0.4391
0.4394
0.4394
0.4394
0.4394
0.4394
0.4397
0.4397
0.4397
0.4397
0.4397
0.4401
0.4401
0.4401
0.4401
0.4401
0.4404
0.4404
0.4404
0.4404
0.4404
0.4407
0.4407
0.4407
0.4407
0.4407
0.4407
0.4411
0.4411
0.4411
0.4411
0.4411
0.4414
0.4414
0.4414
0.4414
0.4414
0.4417
0.4417
0.4417
0.4417
0.4417
0.4421
0.4421
0.4421
0.4421
0.4421
0.4424
0.4424
0.4424
0.4424
0.4424
0.4427
0.4427
0.4427
0.4427
0.4427
0.4431
0.4431
0.4431
0.4431
0.4431
0.4434
0.4434
0.4434
0.4434
0.4434
0.4437
0.4437
0.4437
0.4437
0.4437
0.4441
0.4441
0.4441
0.4441
0.4441
0.4444
0.4444
0.4444
0.4444
0.4444
0.4447
0.4447
0.4447
0.4447
0.4447
0.4451
0.4451
0.4451
0.4451
0.4451
0.4454
0.4454
0.4454
0.4454
0.4454
0.4457
0.4457
0.4457
0.4457
0.4457
0.4461
0.4461
0.4461
0.4461
0.4464
0.4464
0.4464
0.4464
0.4464
0.4467
0.4467
0.4467
0.4467
0.4467
0.4467
0.4471
0.4471
0.4471
0.4471
0.4471
0.4474
0.4474
0.4474
0.4474
0.4474
0.4477
0.4477
0.4477
0.4477
0.4477
0.4481
0.4481
0.4481
0.4481
0.4481
0.4484
0.4484
0.4484
0.4484
0.4484
0.4487
0.4487
0.4487
0.4487
0.4487
0.4491
0.4491
0.4491
0.4491
0.4491
0.4494
0.4494
0.4494
0.4494
0.4494
0.4497
0.4497
0.4497
0.4497
0.4497
0.4501
0.4501
0.4501
0.4501
0.4501
0.4501
0.4504
0.4504
0.4504
0.4504
0.4504
0.4507
0.4507
0.4507
0.4507
0.4507
0.4511
0.4511
0.4511
0.4511
0.4511
0.4514
0.4514
0.4514
0.4514
0.4514
0.4517
0.4517
0.4517
0.4517
0.4517
0.4521
0.4521
0.4521
0.4521
0.4521
0.4524
0.4524
0.4524
0.4524
0.4524
0.4527
0.4527
0.4527
0.4527
0.4527
0.4531
0.4531
0.4531
0.4531
0.4531
0.4534
0.4534
0.4534
0.4534
0.4534
0.4537
0.4537
0.4537
0.4537
0.4537
0.4541
0.4541
0.4541
0.4541
0.4541
0.4541
0.4544
0.4544
0.4544
0.4544
0.4544
0.4547
0.4547
0.4547
0.4547
0.4547
0.4551
0.4551
0.4551
0.4551
0.4551
0.4554
0.4554
0.4554
0.4554
0.4554
0.4554
0.4557
0.4557
0.4557
0.4557
0.4561
0.4561
0.4561
0.4561
0.4561
0.4564
0.4564
0.4564
0.4564
0.4564
0.4567
0.4567
0.4567
0.4567
0.4567
0.4571
0.4571
0.4571
0.4571
0.4571
0.4574
0.4574
0.4574
0.4574
0.4574
0.4577
0.4577
0.4577
0.4577
0.4577
0.4581
0.4581
0.4581
0.4581
0.4581
0.4584
0.4584
0.4584
0.4584
0.4584
0.4587
0.4587
0.4587
0.4587
0.4587
0.4591
0.4591
0.4591
0.4591
0.4591
0.4591
0.4594
0.4594
0.4594
0.4594
0.4594
0.4597
0.4597
0.4597
0.4597
0.4597
0.46
0.46
0.46
0.46
0.46
0.4604
0.4604
0.4604
0.4604
0.4604
0.4607
0.4607
0.4607
0.4607
0.4607
0.4611
0.4611
0.4611
0.4611
0.4611
0.4614
0.4614
0.4614
0.4614
0.4614
0.4617
0.4617
0.4617
0.4617
0.4617
0.462
0.462
0.462
0.462
0.462
0.4624
0.4624
0.4624
0.4624
0.4624
0.4627
0.4627
0.4627
0.4627
0.4627
0.4631
0.4631
0.4631
0.4631
0.4631
0.4634
0.4634
0.4634
0.4634
0.4637
0.4637
0.4637
0.4637
0.4637
0.464
0.464
0.464
0.464
0.464
0.4644
0.4644
0.4644
0.4644
0.4644
0.4647
0.4647
0.4647
0.4647
0.4647
0.4651
0.4651
0.4651
0.4651
0.4651
0.4654
0.4654
0.4654
0.4654
0.4654
0.4654
0.4657
0.4657
0.4657
0.4657
0.4657
0.466
0.466
0.466
0.466
0.466
0.4664
0.4664
0.4664
0.4664
0.4664
0.4667
0.4667
0.4667
0.4667
0.4667
0.4671
0.4671
0.4671
0.4671
0.4671
0.4674
0.4674
0.4674
0.4674
0.4674
0.4677
0.4677
0.4677
0.4677
0.4677
0.468
0.468
0.468
0.468
0.468
0.4684
0.4684
0.4684
0.4684
0.4684
0.4687
0.4687
0.4687
0.4687
0.4687
0.4691
0.4691
0.4691
0.4691
0.4691
0.4694
0.4694
0.4694
0.4694
0.4694
0.4697
0.4697
0.4697
0.4697
0.4697
0.47
0.47
0.47
0.47
0.47
0.4704
0.4704
0.4704
0.4704
0.4704
0.4707
0.4707
0.4707
0.4707
0.4707
0.4707
0.4711
0.4711
0.4711
0.4711
0.4711
0.4714
0.4714
0.4714
0.4714
0.4717
0.4717
0.4717
0.4717
0.4717
0.4717
0.472
0.472
0.472
0.472
0.472
0.4724
0.4724
0.4724
0.4724
0.4724
0.4727
0.4727
0.4727
0.4727
0.4727
0.4731
0.4731
0.4731
0.4731
0.4731
0.4734
0.4734
0.4734
0.4734
0.4734
0.4737
0.4737
0.4737
0.4737
0.4737
0.474
0.474
0.474
0.474
0.474
0.4744
0.4744
0.4744
0.4744
0.4744
0.4747
0.4747
0.4747
0.4747
0.4747
0.4751
0.4751
0.4751
0.4751
0.4751
0.4754
0.4754
0.4754
0.4754
0.4754
0.4754
0.4757
0.4757
0.4757
0.4757
0.4757
0.4761
0.4761
0.4761
0.4761
0.4761
0.4764
0.4764
0.4764
0.4764
0.4764
0.4767
0.4767
0.4767
0.4767
0.4767
0.4771
0.4771
0.4771
0.4771
0.4771
0.4774
0.4774
0.4774
0.4774
0.4774
0.4777
0.4777
0.4777
0.4777
0.4777
0.4781
0.4781
0.4781
0.4781
0.4781
0.4784
0.4784
0.4784
0.4784
0.4784
0.4787
0.4787
0.4787
0.4787
0.4787
0.4791
0.4791
0.4791
0.4791
0.4791
0.4794
0.4794
0.4794
0.4794
0.4797
0.4797
0.4797
0.4797
0.4797
0.4797
0.4801
0.4801
0.4801
0.4801
0.4801
0.4804
0.4804
0.4804
0.4804
0.4807
0.4807
0.4807
0.4807
0.4807
0.4811
0.4811
0.4811
0.4811
0.4811
0.4814
0.4814
0.4814
0.4814
0.4817
0.4817
0.4817
0.4817
0.4817
0.4817
0.4821
0.4821
0.4821
0.4821
0.4824
0.4824
0.4824
0.4824
0.4824
0.4827
0.4827
0.4827
0.4827
0.4827
0.4831
0.4831
0.4831
0.4831
0.4831
0.4831
0.4834
0.4834
0.4834
0.4834
0.4834
0.4837
0.4837
0.4837
0.4837
0.4837
0.4841
0.4841
0.4841
0.4841
0.4841
0.4844
0.4844
0.4844
0.4844
0.4844
0.4847
0.4847
0.4847
0.4847
0.4847
0.4851
0.4851
0.4851
0.4851
0.4851
0.4854
0.4854
0.4854
0.4854
0.4857
0.4857
0.4857
0.4857
0.4857
0.4861
0.4861
0.4861
0.4861
0.4861
0.4864
0.4864
0.4864
0.4864
0.4864
0.4867
0.4867
0.4867
0.4867
0.4867
0.4871
0.4871
0.4871
0.4871
0.4871
0.4874
0.4874
0.4874
0.4874
0.4874
0.4877
0.4877
0.4877
0.4877
0.4881
0.4881
0.4881
0.4881
0.4881
0.4884
0.4884
0.4884
0.4884
0.4884
0.4887
0.4887
0.4887
0.4887
0.4887
0.4891
0.4891
0.4891
0.4891
0.4891
0.4894
0.4894
0.4894
0.4894
0.4897
0.4897
0.4897
0.4897
0.4897
0.4897
0.4901
0.4901
0.4901
0.4901
0.4901
0.4904
0.4904
0.4904
0.4904
0.4904
0.4907
0.4907
0.4907
0.4907
0.4907
0.4911
0.4911
0.4911
0.4911
0.4911
0.4914
0.4914
0.4914
0.4914
0.4917
0.4917
0.4917
0.4917
0.4917
0.4921
0.4921
0.4921
0.4921
0.4921
0.4924
0.4924
0.4924
0.4924
0.4924
0.4927
0.4927
0.4927
0.4927
0.4931
0.4931
0.4931
0.4931
0.4931
0.4934
0.4934
0.4934
0.4934
0.4934
0.4937
0.4937
0.4937
0.4937
0.4941
0.4941
0.4941
0.4941
0.4941
0.4944
0.4944
0.4944
0.4944
0.4944
0.4947
0.4947
0.4947
0.4947
0.4947
0.4951
0.4951
0.4951
0.4951
0.4951
0.4954
0.4954
0.4954
0.4954
0.4957
0.4957
0.4957
0.4957
0.4957
0.4961
0.4961
0.4961
0.4961
0.4961
0.4964
0.4964
0.4964
0.4964
0.4967
0.4967
0.4967
0.4967
0.4967
0.4967
0.4971
0.4971
0.4971
0.4971
0.4971
0.4974
0.4974
0.4974
0.4974
0.4974
0.4977
0.4977
0.4977
0.4977
0.4981
0.4981
0.4981
0.4981
0.4981
0.4981
0.4984
0.4984
0.4984
0.4984
0.4987
0.4987
0.4987
0.4987
0.4987
0.4991
0.4991
0.4991
0.4991
0.4991
0.4994
0.4994
0.4994
0.4994
0.4994
0.4997
0.4997
0.4997
0.4997
0.5001
0.5001
0.5001
0.5001
0.5001
0.5004
0.5004
0.5004
0.5004
0.5004
0.5007
0.5007
0.5007
0.5007
0.5011
0.5011
0.5011
0.5011
0.5011
0.5014
0.5014
0.5014
0.5014
0.5014
0.5017
0.5017
0.5017
0.5017
0.5021
0.5021
0.5021
0.5021
0.5021
0.5024
0.5024
0.5024
0.5024
0.5024
0.5027
0.5027
0.5027
0.5027
0.5027
0.5031
0.5031
0.5031
0.5031
0.5034
0.5034
0.5034
0.5034
0.5037
0.5037
0.5037
0.5037
0.5037
0.5041
0.5041
0.5041
0.5041
0.5041
0.5044
0.5044
0.5044
0.5044
0.5044
0.5047
0.5047
0.5047
0.5047
0.5051
0.5051
0.5051
0.5051
0.5051
0.5054
0.5054
0.5054
0.5054
0.5054
0.5057
0.5057
0.5057
0.5057
0.5061
0.5061
0.5061
0.5061
0.5061
0.5064
0.5064
0.5064
0.5064
0.5064
0.5067
0.5067
0.5067
0.5067
0.5067
0.5071
0.5071
0.5071
0.5071
0.5071
0.5074
0.5074
0.5074
0.5074
0.5077
0.5077
0.5077
0.5077
0.5077
0.5081
0.5081
0.5081
0.5081
0.5084
0.5084
0.5084
0.5084
0.5084
0.5087
0.5087
0.5087
0.5087
0.5087
0.5091
0.5091
0.5091
0.5091
0.5094
0.5094
0.5094
0.5094
0.5094
0.5097
0.5097
0.5097
0.5097
0.5101
0.5101
0.5101
0.5101
0.5101
0.5104
0.5104
0.5104
0.5104
0.5104
0.5107
0.5107
0.5107
0.5107
0.5111
0.5111
0.5111
0.5111
0.5111
0.5114
0.5114
0.5114
0.5114
0.5114
0.5117
0.5117
0.5117
0.5117
0.5121
0.5121
0.5121
0.5121
0.5121
0.5124
0.5124
0.5124
0.5124
0.5127
0.5127
0.5127
0.5127
0.5127
0.5131
0.5131
0.5131
0.5131
0.5134
0.5134
0.5134
0.5134
0.5134
0.5137
0.5137
0.5137
0.5137
0.5141
0.5141
0.5141
0.5141
0.5141
0.5144
0.5144
0.5144
0.5144
0.5144
0.5147
0.5147
0.5147
0.5147
0.5147
0.5151
0.5151
0.5151
0.5151
0.5154
0.5154
0.5154
0.5154
0.5157
0.5157
0.5157
0.5157
0.5157
0.5161
0.5161
0.5161
0.5161
0.5161
0.5164
0.5164
0.5164
0.5164
0.5167
0.5167
0.5167
0.5167
0.5167
0.5171
0.5171
0.5171
0.5171
0.5171
0.5174
0.5174
0.5174
0.5174
0.5174
0.5177
0.5177
0.5177
0.5177
0.5181
0.5181
0.5181
0.5181
0.5181
0.5184
0.5184
0.5184
0.5184
0.5187
0.5187
0.5187
0.5187
0.5187
0.5191
0.5191
0.5191
0.5191
0.5191
0.5194
0.5194
0.5194
0.5194
0.5197
0.5197
0.5197
0.5197
0.5197
0.5201
0.5201
0.5201
0.5201
0.5201
0.5204
0.5204
0.5204
0.5204
0.5207
0.5207
0.5207
0.5207
0.5207
0.5211
0.5211
0.5211
0.5211
0.5211
0.5214
0.5214
0.5214
0.5214
0.5217
0.5217
0.5217
0.5217
0.5217
0.5221
0.5221
0.5221
0.5221
0.5224
0.5224
0.5224
0.5224
0.5224
0.5227
0.5227
0.5227
0.5227
0.5231
0.5231
0.5231
0.5231
0.5231
0.5231
0.5234
0.5234
0.5234
0.5234
0.5237
0.5237
0.5237
0.5237
0.5237
0.5241
0.5241
0.5241
0.5241
0.5244
0.5244
0.5244
0.5244
0.5244
0.5247
0.5247
0.5247
0.5247
0.5251
0.5251
0.5251
0.5251
0.5251
0.5254
0.5254
0.5254
0.5254
0.5254
0.5257
0.5257
0.5257
0.5257
0.5261
0.5261
0.5261
0.5261
0.5261
0.5264
0.5264
0.5264
0.5264
0.5267
0.5267
0.5267
0.5267
0.5267
0.5271
0.5271
0.5271
0.5271
0.5271
0.5274
0.5274
0.5274
0.5274
0.5277
0.5277
0.5277
0.5277
0.5277
0.5281
0.5281
0.5281
0.5281
0.5284
0.5284
0.5284
0.5284
0.5284
0.5287
0.5287
0.5287
0.5287
0.5291
0.5291
0.5291
0.5291
0.5291
0.5294
0.5294
0.5294
0.5294
0.5297
0.5297
0.5297
0.5297
0.5297
0.5301
0.5301
0.5301
0.5301
0.5304
0.5304
0.5304
0.5304
0.5304
0.5307
0.5307
0.5307
0.5307
0.5311
0.5311
0.5311
0.5311
0.5314
0.5314
0.5314
0.5314
0.5314
0.5317
0.5317
0.5317
0.5317
0.5321
0.5321
0.5321
0.5321
0.5321
0.5324
0.5324
0.5324
0.5324
0.5327
0.5327
0.5327
0.5327
0.5331
0.5331
0.5331
0.5331
0.5331
0.5334
0.5334
0.5334
0.5334
0.5334
0.5337
0.5337
0.5337
0.5337
0.5341
0.5341
0.5341
0.5341
0.5344
0.5344
0.5344
0.5344
0.5344
0.5347
0.5347
0.5347
0.5347
0.5347
0.5351
0.5351
0.5351
0.5351
0.5354
0.5354
0.5354
0.5354
0.5354
0.5357
0.5357
0.5357
0.5357
0.5357
0.5361
0.5361
0.5361
0.5361
0.5364
0.5364
0.5364
0.5364
0.5364
0.5367
0.5367
0.5367
0.5367
0.5371
0.5371
0.5371
0.5371
0.5371
0.5374
0.5374
0.5374
0.5374
0.5377
0.5377
0.5377
0.5377
0.5377
0.5381
0.5381
0.5381
0.5381
0.5381
0.5384
0.5384
0.5384
0.5384
0.5387
0.5387
0.5387
0.5387
0.5391
0.5391
0.5391
0.5391
0.5391
0.5394
0.5394
0.5394
0.5394
0.5397
0.5397
0.5397
0.5397
0.5397
0.5401
0.5401
0.5401
0.5401
0.5404
0.5404
0.5404
0.5404
0.5404
0.5407
0.5407
0.5407
0.5407
0.5411
0.5411
0.5411
0.5411
0.5411
0.5414
0.5414
0.5414
0.5414
0.5417
0.5417
0.5417
0.5417
0.542
0.542
0.542
0.542
0.542
0.5424
0.5424
0.5424
0.5424
0.5424
0.5427
0.5427
0.5427
0.5427
0.5431
0.5431
0.5431
0.5431
0.5434
0.5434
0.5434
0.5434
0.5434
0.5437
0.5437
0.5437
0.5437
0.544
0.544
0.544
0.544
0.5444
0.5444
0.5444
0.5444
0.5447
0.5447
0.5447
0.5447
0.5447
0.5451
0.5451
0.5451
0.5451
0.5454
0.5454
0.5454
0.5454
0.5454
0.5457
0.5457
0.5457
0.5457
0.546
0.546
0.546
0.546
0.5464
0.5464
0.5464
0.5464
0.5464
0.5467
0.5467
0.5467
0.5467
0.5471
0.5471
0.5471
0.5471
0.5474
0.5474
0.5474
0.5474
0.5474
0.5477
0.5477
0.5477
0.5477
0.5477
0.548
0.548
0.548
0.548
0.5484
0.5484
0.5484
0.5484
0.5487
0.5487
0.5487
0.5487
0.5491
0.5491
0.5491
0.5491
0.5491
0.5494
0.5494
0.5494
0.5494
0.5497
0.5497
0.5497
0.5497
0.5497
0.55
0.55
0.55
0.55
0.5504
0.5504
0.5504
0.5504
0.5507
0.5507
0.5507
0.5507
0.5511
0.5511
0.5511
0.5511
0.5514
0.5514
0.5514
0.5514
0.5517
0.5517
0.5517
0.5517
0.5517
0.552
0.552
0.552
0.552
0.5524
0.5524
0.5524
0.5524
0.5527
0.5527
0.5527
0.5527
0.5527
0.5531
0.5531
0.5531
0.5531
0.5534
0.5534
0.5534
0.5534
0.5534
0.5537
0.5537
0.5537
0.5537
0.554
0.554
0.554
0.554
0.5544
0.5544
0.5544
0.5544
0.5547
0.5547
0.5547
0.5547
0.5551
0.5551
0.5551
0.5551
0.5551
0.5554
0.5554
0.5554
0.5554
0.5557
0.5557
0.5557
0.5557
0.556
0.556
0.556
0.556
0.5564
0.5564
0.5564
0.5564
0.5567
0.5567
0.5567
0.5567
0.5567
0.5571
0.5571
0.5571
0.5571
0.5574
0.5574
0.5574
0.5574
0.5577
0.5577
0.5577
0.5577
0.558
0.558
0.558
0.558
0.5584
0.5584
0.5584
0.5584
0.5587
0.5587
0.5587
0.5587
0.5587
0.5591
0.5591
0.5591
0.5591
0.5594
0.5594
0.5594
0.5594
0.5597
0.5597
0.5597
0.5597
0.56
0.56
0.56
0.56
0.5604
0.5604
0.5604
0.5604
0.5604
0.5607
0.5607
0.5607
0.5607
0.5611
0.5611
0.5611
0.5611
0.5614
0.5614
0.5614
0.5614
0.5617
0.5617
0.5617
0.5617
0.562
0.562
0.562
0.562
0.5624
0.5624
0.5624
0.5624
0.5624
0.5627
0.5627
0.5627
0.5627
0.5631
0.5631
0.5631
0.5631
0.5634
0.5634
0.5634
0.5634
0.5637
0.5637
0.5637
0.5637
0.5637
0.564
0.564
0.564
0.564
0.5644
0.5644
0.5644
0.5644
0.5647
0.5647
0.5647
0.5647
0.5651
0.5651
0.5651
0.5651
0.5654
0.5654
0.5654
0.5654
0.5657
0.5657
0.5657
0.5657
0.566
0.566
0.566
0.566
0.5664
0.5664
0.5664
0.5664
0.5667
0.5667
0.5667
0.5667
0.5671
0.5671
0.5671
0.5671
0.5674
0.5674
0.5674
0.5674
0.5677
0.5677
0.5677
0.5677
0.568
0.568
0.568
0.568
0.568
0.5684
0.5684
0.5684
0.5684
0.5687
0.5687
0.5687
0.5687
0.5691
0.5691
0.5691
0.5691
0.5694
0.5694
0.5694
0.5694
0.5694
0.5697
0.5697
0.5697
0.5697
0.57
0.57
0.57
0.57
0.5704
0.5704
0.5704
0.5704
0.5707
0.5707
0.5707
0.5707
0.5711
0.5711
0.5711
0.5711
0.5714
0.5714
0.5714
0.5714
0.5717
0.5717
0.5717
0.5717
0.5717
0.572
0.572
0.572
0.572
0.5724
0.5724
0.5724
0.5727
0.5727
0.5727
0.5727
0.5731
0.5731
0.5731
0.5731
0.5734
0.5734
0.5734
0.5734
0.5737
0.5737
0.5737
0.5737
0.574
0.574
0.574
0.574
0.5744
0.5744
0.5744
0.5744
0.5747
0.5747
0.5747
0.5747
0.5751
0.5751
0.5751
0.5751
0.5754
0.5754
0.5754
0.5754
0.5757
0.5757
0.5757
0.5757
0.576
0.576
0.576
0.576
0.5764
0.5764
0.5764
0.5764
0.5767
0.5767
0.5767
0.5767
0.5771
0.5771
0.5771
0.5771
0.5774
0.5774
0.5774
0.5774
0.5777
0.5777
0.5777
0.5777
0.578
0.578
0.578
0.5784
0.5784
0.5784
0.5784
0.5787
0.5787
0.5787
0.5787
0.5791
0.5791
0.5791
0.5791
0.5794
0.5794
0.5794
0.5794
0.5797
0.5797
0.5797
0.5797
0.58
0.58
0.58
0.58
0.5804
0.5804
0.5804
0.5807
0.5807
0.5807
0.5807
0.5807
0.5811
0.5811
0.5811
0.5814
0.5814
0.5814
0.5814
0.5817
0.5817
0.5817
0.5817
0.582
0.582
0.582
0.582
0.5824
0.5824
0.5824
0.5824
0.5827
0.5827
0.5827
0.5827
0.5831
0.5831
0.5831
0.5831
0.5834
0.5834
0.5834
0.5834
0.5837
0.5837
0.5837
0.5837
0.584
0.584
0.584
0.584
0.5844
0.5844
0.5844
0.5844
0.5847
0.5847
0.5847
0.5847
0.585
0.585
0.585
0.585
0.5854
0.5854
0.5854
0.5854
0.5857
0.5857
0.5857
0.5857
0.586
0.586
0.586
0.586
0.5864
0.5864
0.5864
0.5864
0.5867
0.5867
0.5867
0.5867
0.587
0.587
0.587
0.587
0.5874
0.5874
0.5874
0.5874
0.5877
0.5877
0.5877
0.5877
0.588
0.588
0.588
0.588
0.5884
0.5884
0.5884
0.5884
0.5887
0.5887
0.5887
0.5887
0.589
0.589
0.589
0.5894
0.5894
0.5894
0.5894
0.5897
0.5897
0.5897
0.5897
0.59
0.59
0.59
0.59
0.5904
0.5904
0.5904
0.5904
0.5907
0.5907
0.5907
0.591
0.591
0.591
0.591
0.5914
0.5914
0.5914
0.5917
0.5917
0.5917
0.5917
0.592
0.592
0.592
0.592
0.5924
0.5924
0.5924
0.5924
0.5927
0.5927
0.5927
0.5927
0.593
0.593
0.593
0.5934
0.5934
0.5934
0.5934
0.5934
0.5937
0.5937
0.5937
0.594
0.594
0.594
0.594
0.5944
0.5944
0.5944
0.5944
0.5947
0.5947
0.5947
0.5947
0.595
0.595
0.595
0.5954
0.5954
0.5954
0.5954
0.5957
0.5957
0.5957
0.5957
0.596
0.596
0.596
0.5964
0.5964
0.5964
0.5964
0.5967
0.5967
0.5967
0.5967
0.597
0.597
0.597
0.597
0.5974
0.5974
0.5974
0.5974
0.5977
0.5977
0.5977
0.5977
0.598
0.598
0.598
0.5984
0.5984
0.5984
0.5984
0.5987
0.5987
0.5987
0.599
0.599
0.599
0.599
0.5994
0.5994
0.5994
0.5994
0.5997
0.5997
0.5997
0.5997
0.6
0.6
0.6
0.6
0.6004
0.6004
0.6004
0.6004
0.6007
0.6007
0.6007
0.601
0.601
0.601
0.601
0.6014
0.6014
0.6014
0.6014
0.6017
0.6017
0.6017
0.6017
0.602
0.602
0.602
0.602
0.6024
0.6024
0.6024
0.6024
0.6027
0.6027
0.6027
0.603
0.603
0.603
0.603
0.6034
0.6034
0.6034
0.6037
0.6037
0.6037
0.6037
0.604
0.604
0.604
0.604
0.6044
0.6044
0.6044
0.6047
0.6047
0.6047
0.6047
0.605
0.605
0.605
0.605
0.6054
0.6054
0.6054
0.6054
0.6057
0.6057
0.6057
0.606
0.606
0.606
0.606
0.6064
0.6064
0.6064
0.6064
0.6067
0.6067
0.6067
0.6071
0.6071
0.6071
0.6071
0.6074
0.6074
0.6074
0.6074
0.6077
0.6077
0.6077
0.6081
0.6081
0.6081
0.6081
0.6084
0.6084
0.6084
0.6087
0.6087
0.6087
0.6091
0.6091
0.6091
0.6091
0.6094
0.6094
0.6094
0.6097
0.6097
0.6097
0.6097
0.6101
0.6101
0.6101
0.6101
0.6104
0.6104
0.6104
0.6104
0.6107
0.6107
0.6107
0.6111
0.6111
0.6111
0.6111
0.6114
0.6114
0.6114
0.6114
0.6117
0.6117
0.6117
0.6121
0.6121
0.6121
0.6121
0.6124
0.6124
0.6124
0.6127
0.6127
0.6127
0.6127
0.6131
0.6131
0.6131
0.6134
0.6134
0.6134
0.6134
0.6137
0.6137
0.6137
0.6137
0.6141
0.6141
0.6141
0.6141
0.6144
0.6144
0.6144
0.6147
0.6147
0.6147
0.6147
0.6151
0.6151
0.6151
0.6154
0.6154
0.6154
0.6154
0.6157
0.6157
0.6157
0.6157
0.6161
0.6161
0.6161
0.6164
0.6164
0.6164
0.6167
0.6167
0.6167
0.6167
0.6171
0.6171
0.6171
0.6174
0.6174
0.6174
0.6174
0.6177
0.6177
0.6177
0.6181
0.6181
0.6181
0.6181
0.6184
0.6184
0.6184
0.6187
0.6187
0.6187
0.6187
0.6191
0.6191
0.6191
0.6194
0.6194
0.6194
0.6194
0.6197
0.6197
0.6197
0.6201
0.6201
0.6201
0.6201
0.6204
0.6204
0.6204
0.6207
0.6207
0.6207
0.6207
0.6211
0.6211
0.6211
0.6211
0.6214
0.6214
0.6214
0.6217
0.6217
0.6217
0.6217
0.6221
0.6221
0.6221
0.6224
0.6224
0.6224
0.6224
0.6227
0.6227
0.6227
0.6231
0.6231
0.6231
0.6231
0.6234
0.6234
0.6234
0.6234
0.6237
0.6237
0.6237
0.6241
0.6241
0.6241
0.6241
0.6244
0.6244
0.6244
0.6244
0.6247
0.6247
0.6247
0.6251
0.6251
0.6251
0.6251
0.6254
0.6254
0.6254
0.6257
0.6257
0.6257
0.6261
0.6261
0.6261
0.6261
0.6264
0.6264
0.6264
0.6264
0.6267
0.6267
0.6267
0.6271
0.6271
0.6271
0.6271
0.6274
0.6274
0.6274
0.6277
0.6277
0.6277
0.6277
0.6281
0.6281
0.6281
0.6284
0.6284
0.6284
0.6284
0.6287
0.6287
0.6287
0.6287
0.6291
0.6291
0.6291
0.6294
0.6294
0.6294
0.6297
0.6297
0.6297
0.6297
0.6301
0.6301
0.6301
0.6304
0.6304
0.6304
0.6304
0.6307
0.6307
0.6307
0.6311
0.6311
0.6311
0.6314
0.6314
0.6314
0.6314
0.6317
0.6317
0.6317
0.6317
0.6321
0.6321
0.6321
0.6324
0.6324
0.6324
0.6327
0.6327
0.6327
0.6331
0.6331
0.6331
0.6331
0.6334
0.6334
0.6334
0.6337
0.6337
0.6337
0.6341
0.6341
0.6341
0.6341
0.6344
0.6344
0.6344
0.6347
0.6347
0.6347
0.6347
0.6351
0.6351
0.6351
0.6354
0.6354
0.6354
0.6354
0.6357
0.6357
0.6357
0.6361
0.6361
0.6361
0.6364
0.6364
0.6364
0.6364
0.6367
0.6367
0.6367
0.6371
0.6371
0.6371
0.6371
0.6374
0.6374
0.6374
0.6377
0.6377
0.6377
0.6381
0.6381
0.6381
0.6384
0.6384
0.6384
0.6384
0.6387
0.6387
0.6387
0.6387
0.6391
0.6391
0.6391
0.6394
0.6394
0.6394
0.6397
0.6397
0.6397
0.6397
0.6401
0.6401
0.6401
0.6404
0.6404
0.6404
0.6404
0.6407
0.6407
0.6407
0.6411
0.6411
0.6411
0.6414
0.6414
0.6414
0.6414
0.6417
0.6417
0.6417
0.6421
0.6421
0.6421
0.6424
0.6424
0.6424
0.6427
0.6427
0.6427
0.6431
0.6431
0.6431
0.6431
0.6434
0.6434
0.6434
0.6437
0.6437
0.6437
0.6441
0.6441
0.6441
0.6444
0.6444
0.6444
0.6444
0.6447
0.6447
0.6447
0.6451
0.6451
0.6451
0.6454
0.6454
0.6454
0.6457
0.6457
0.6457
0.6461
0.6461
0.6461
0.6461
0.6464
0.6464
0.6464
0.6467
0.6467
0.6467
0.6471
0.6471
0.6471
0.6471
0.6474
0.6474
0.6474
0.6477
0.6477
0.6477
0.6481
0.6481
0.6481
0.6484
0.6484
0.6484
0.6487
0.6487
0.6487
0.6487
0.6491
0.6491
0.6491
0.6494
0.6494
0.6494
0.6497
0.6497
0.6497
0.6497
0.6501
0.6501
0.6501
0.6504
0.6504
0.6504
0.6507
0.6507
0.6507
0.6511
0.6511
0.6511
0.6511
0.6514
0.6514
0.6514
0.6517
0.6517
0.6517
0.6521
0.6521
0.6521
0.6524
0.6524
0.6524
0.6527
0.6527
0.6527
0.6527
0.6531
0.6531
0.6531
0.6534
0.6534
0.6534
0.6537
0.6537
0.6537
0.6541
0.6541
0.6541
0.6544
0.6544
0.6544
0.6544
0.6547
0.6547
0.6547
0.6551
0.6551
0.6551
0.6554
0.6554
0.6554
0.6554
0.6557
0.6557
0.6557
0.6561
0.6561
0.6561
0.6564
0.6564
0.6564
0.6567
0.6567
0.6567
0.6571
0.6571
0.6571
0.6574
0.6574
0.6574
0.6577
0.6577
0.6577
0.6581
0.6581
0.6581
0.6581
0.6584
0.6584
0.6584
0.6587
0.6587
0.6587
0.6591
0.6591
0.6591
0.6594
0.6594
0.6594
0.6594
0.6597
0.6597
0.6597
0.6601
0.6601
0.6601
0.6604
0.6604
0.6604
0.6607
0.6607
0.6607
0.6611
0.6611
0.6614
0.6614
0.6614
0.6617
0.6617
0.6617
0.6617
0.6621
0.6621
0.6621
0.6624
0.6624
0.6624
0.6627
0.6627
0.6627
0.6631
0.6631
0.6631
0.6634
0.6634
0.6637
0.6637
0.6637
0.6641
0.6641
0.6641
0.6644
0.6644
0.6644
0.6644
0.6647
0.6647
0.6651
0.6651
0.6651
0.6654
0.6654
0.6654
0.6654
0.6657
0.6657
0.6661
0.6661
0.6661
0.6664
0.6664
0.6664
0.6667
0.6667
0.6667
0.667
0.667
0.667
0.6674
0.6674
0.6674
0.6677
0.6677
0.6677
0.6677
0.6681
0.6681
0.6681
0.6684
0.6684
0.6684
0.6687
0.6687
0.6687
0.6691
0.6691
0.6691
0.6694
0.6694
0.6694
0.6697
0.6697
0.67
0.67
0.67
0.67
0.6704
0.6704
0.6704
0.6707
0.6707
0.6707
0.671
0.671
0.6714
0.6714
0.6714
0.6717
0.6717
0.6717
0.6721
0.6721
0.6721
0.6724
0.6724
0.6724
0.6727
0.6727
0.6727
0.6731
0.6731
0.6731
0.6734
0.6734
0.6734
0.6737
0.6737
0.6737
0.674
0.674
0.674
0.6744
0.6744
0.6744
0.6747
0.6747
0.6747
0.675
0.675
0.675
0.6754
0.6754
0.6754
0.6757
0.6757
0.6757
0.6761
0.6761
0.6761
0.6764
0.6764
0.6764
0.6767
0.6767
0.6767
0.6771
0.6771
0.6774
0.6774
0.6774
0.6777
0.6777
0.6777
0.678
0.678
0.678
0.6784
0.6784
0.6784
0.6787
0.6787
0.6787
0.679
0.679
0.679
0.6794
0.6794
0.6794
0.6797
0.6797
0.6797
0.6801
0.6801
0.6801
0.6804
0.6804
0.6804
0.6807
0.6807
0.6807
0.6811
0.6811
0.6811
0.6814
0.6814
0.6814
0.6817
0.6817
0.682
0.682
0.682
0.6824
0.6824
0.6824
0.6827
0.6827
0.6827
0.683
0.683
0.683
0.6834
0.6834
0.6834
0.6837
0.6837
0.6841
0.6841
0.6841
0.6844
0.6844
0.6844
0.6847
0.6847
0.6847
0.6851
0.6851
0.6851
0.6854
0.6854
0.6854
0.6857
0.6857
0.6857
0.686
0.686
0.686
0.6864
0.6864
0.6864
0.6867
0.6867
0.6867
0.687
0.687
0.687
0.6874
0.6874
0.6874
0.6877
0.6877
0.6881
0.6881
0.6881
0.6884
0.6884
0.6884
0.6887
0.6887
0.6887
0.6891
0.6891
0.6891
0.6894
0.6894
0.6894
0.6897
0.6897
0.6897
0.69
0.69
0.6904
0.6904
0.6904
0.6907
0.6907
0.6907
0.691
0.691
0.691
0.6914
0.6914
0.6914
0.6917
0.6917
0.6917
0.6921
0.6921
0.6924
0.6924
0.6924
0.6927
0.6927
0.6927
0.6931
0.6931
0.6931
0.6934
0.6934
0.6937
0.6937
0.6937
0.694
0.694
0.694
0.6944
0.6944
0.6944
0.6947
0.6947
0.695
0.695
0.695
0.6954
0.6954
0.6954
0.6957
0.6957
0.6957
0.6961
0.6961
0.6961
0.6964
0.6964
0.6964
0.6967
0.6967
0.6967
0.6971
0.6971
0.6971
0.6974
0.6974
0.6977
0.6977
0.6977
0.698
0.698
0.698
0.6984
0.6984
0.6984
0.6987
0.6987
0.6987
0.699
0.699
0.699
0.6994
0.6994
0.6997
0.6997
0.6997
0.7001
0.7001
0.7001
0.7004
0.7004
0.7004
0.7007
0.7007
0.7007
0.7011
0.7011
0.7014
0.7014
0.7014
0.7017
0.7017
0.7017
0.702
0.702
0.702
0.7024
0.7024
0.7024
0.7027
0.7027
0.7027
0.703
0.703
0.703
0.7034
0.7034
0.7037
0.7037
0.7037
0.7041
0.7041
0.7041
0.7044
0.7044
0.7047
0.7047
0.7047
0.7051
0.7051
0.7051
0.7054
0.7054
0.7054
0.7057
0.7057
0.706
0.706
0.706
0.7064
0.7064
0.7064
0.7067
0.7067
0.707
0.707
0.707
0.7074
0.7074
0.7074
0.7077
0.7077
0.7077
0.7081
0.7081
0.7081
0.7084
0.7084
0.7087
0.7087
0.7087
0.709
0.709
0.7094
0.7094
0.7094
0.7097
0.7097
0.7097
0.71
0.71
0.71
0.7104
0.7104
0.7107
0.7107
0.7107
0.711
0.711
0.711
0.7114
0.7114
0.7114
0.7117
0.7117
0.7117
0.7121
0.7121
0.7124
0.7124
0.7124
0.7127
0.7127
0.7127
0.713
0.713
0.7134
0.7134
0.7134
0.7137
0.7137
0.714
0.714
0.714
0.7144
0.7144
0.7144
0.7147
0.7147
0.7147
0.715
0.715
0.7154
0.7154
0.7154
0.7157
0.7157
0.7161
0.7161
0.7161
0.7164
0.7164
0.7167
0.7167
0.7167
0.717
0.717
0.717
0.7174
0.7174
0.7174
0.7177
0.7177
0.718
0.718
0.718
0.7184
0.7184
0.7187
0.7187
0.7187
0.719
0.719
0.719
0.7194
0.7194
0.7197
0.7197
0.7197
0.7201
0.7201
0.7204
0.7204
0.7204
0.7207
0.7207
0.7207
0.721
0.721
0.7214
0.7214
0.7214
0.7217
0.7217
0.7217
0.722
0.722
0.7224
0.7224
0.7224
0.7227
0.7227
0.723
0.723
0.723
0.7234
0.7234
0.7234
0.7237
0.7237
0.7241
0.7241
0.7241
0.7244
0.7244
0.7247
0.7247
0.7247
0.725
0.725
0.725
0.7254
0.7254
0.7257
0.7257
0.7257
0.726
0.726
0.726
0.7264
0.7264
0.7267
0.7267
0.7267
0.727
0.727
0.7274
0.7274
0.7274
0.7277
0.7277
0.7277
0.7281
0.7281
0.7284
0.7284
0.7284
0.7287
0.7287
0.729
0.729
0.729
0.7294
0.7294
0.7294
0.7297
0.7297
0.73
0.73
0.73
0.7304
0.7304
0.7304
0.7307
0.7307
0.731
0.731
0.731
0.7314
0.7314
0.7314
0.7317
0.7317
0.7321
0.7321
0.7321
0.7324
0.7324
0.7327
0.7327
0.7327
0.733
0.733
0.733
0.7334
0.7334
0.7337
0.7337
0.734
0.734
0.734
0.7344
0.7344
0.7344
0.7347
0.7347
0.735
0.735
0.7354
0.7354
0.7354
0.7357
0.7357
0.7357
0.7361
0.7361
0.7364
0.7364
0.7367
0.7367
0.7367
0.737
0.737
0.737
0.7374
0.7374
0.7377
0.7377
0.7377
0.738
0.738
0.738
0.7384
0.7384
0.7387
0.7387
0.7387
0.7391
0.7391
0.7394
0.7394
0.7394
0.7397
0.7397
0.7401
0.7401
0.7401
0.7404
0.7404
0.7407
0.7407
0.7407
0.7411
0.7411
0.7414
0.7414
0.7414
0.7417
0.7417
0.7421
0.7421
0.7424
0.7424
0.7424
0.7427
0.7427
0.7431
0.7431
0.7431
0.7434
0.7434
0.7437
0.7437
0.7437
0.7441
0.7441
0.7444
0.7444
0.7444
0.7447
0.7447
0.7451
0.7451
0.7451
0.7454
0.7454
0.7457
0.7457
0.7457
0.7461
0.7461
0.7464
0.7464
0.7464
0.7467
0.7467
0.7471
0.7471
0.7471
0.7474
0.7474
0.7477
0.7477
0.7477
0.7481
0.7481
0.7484
0.7484
0.7487
0.7487
0.7487
0.7491
0.7491
0.7494
0.7494
0.7497
0.7497
0.7497
0.7501
0.7501
0.7504
0.7504
0.7504
0.7507
0.7507
0.7511
0.7511
0.7511
0.7514
0.7514
0.7517
0.7517
0.7517
0.752
0.752
0.7524
0.7524
0.7524
0.7527
0.7527
0.7531
0.7531
0.7531
0.7534
0.7534
0.7537
0.7537
0.7541
0.7541
0.7541
0.7544
0.7544
0.7547
0.7547
0.7551
0.7551
0.7551
0.7554
0.7554
0.7557
0.7557
0.756
0.756
0.756
0.7564
0.7564
0.7564
0.7567
0.7567
0.7571
0.7571
0.7571
0.7574
0.7574
0.7577
0.7577
0.7577
0.7581
0.7581
0.7584
0.7584
0.7587
0.7587
0.7591
0.7591
0.7591
0.7594
0.7594
0.7597
0.7597
0.7597
0.76
0.76
0.7604
0.7604
0.7607
0.7607
0.7607
0.7611
0.7611
0.7614
0.7614
0.7614
0.7617
0.7617
0.7621
0.7621
0.7621
0.7624
0.7624
0.7627
0.7627
0.7631
0.7631
0.7631
0.7634
0.7634
0.7637
0.7637
0.764
0.764
0.764
0.7644
0.7644
0.7647
0.7647
0.7651
0.7651
0.7651
0.7654
0.7654
0.7657
0.7657
0.7661
0.7661
0.7661
0.7664
0.7664
0.7667
0.7667
0.7667
0.7671
0.7671
0.7674
0.7674
0.7677
0.7677
0.768
0.768
0.7684
0.7684
0.7684
0.7687
0.7687
0.7691
0.7691
0.7694
0.7694
0.7694
0.7697
0.7697
0.7701
0.7701
0.7704
0.7704
0.7707
0.7707
0.7707
0.7711
0.7711
0.7714
0.7714
0.7717
0.7717
0.772
0.772
0.772
0.7724
0.7724
0.7727
0.7727
0.7731
0.7731
0.7731
0.7734
0.7734
0.7737
0.7737
0.7741
0.7741
0.7744
0.7744
0.7744
0.7747
0.7747
0.7751
0.7751
0.7754
0.7754
0.7754
0.7757
0.7757
0.776
0.776
0.7764
0.7764
0.7767
0.7767
0.7771
0.7771
0.7771
0.7774
0.7774
0.7777
0.7777
0.7781
0.7781
0.7781
0.7784
0.7784
0.7787
0.7787
0.7791
0.7791
0.7794
0.7794
0.7794
0.7797
0.7797
0.78
0.78
0.7804
0.7804
0.7807
0.7807
0.7811
0.7811
0.7814
0.7814
0.7814
0.7817
0.7817
0.7821
0.7821
0.7824
0.7824
0.7827
0.7827
0.7827
0.7831
0.7831
0.7834
0.7834
0.7834
0.7837
0.7837
0.784
0.784
0.7844
0.7844
0.7847
0.7847
0.7847
0.7851
0.7851
0.7854
0.7854
0.7857
0.7857
0.7857
0.7861
0.7861
0.7864
0.7864
0.7867
0.7867
0.7871
0.7871
0.7874
0.7874
0.7877
0.7877
0.7877
0.788
0.788
0.7884
0.7884
0.7887
0.7887
0.7891
0.7891
0.7891
0.7894
0.7894
0.7897
0.7897
0.7901
0.7901
0.7904
0.7904
0.7907
0.7907
0.7911
0.7911
0.7911
0.7914
0.7914
0.7917
0.7917
0.792
0.792
0.7924
0.7924
0.7924
0.7927
0.7927
0.7931
0.7931
0.7934
0.7934
0.7937
0.7937
0.7941
0.7941
0.7944
0.7944
0.7944
0.7947
0.7947
0.795
0.795
0.7954
0.7954
0.7957
0.7957
0.796
0.796
0.7964
0.7964
0.7964
0.7967
0.7967
0.7971
0.7971
0.7974
0.7974
0.7977
0.7977
0.7977
0.7981
0.7984
0.7984
0.7984
0.7987
0.7987
0.799
0.799
0.7994
0.7994
0.7997
0.7997
0.7997
0.8
0.8
0.8004
0.8004
0.8007
0.8007
0.8011
0.8011
0.8011
0.8014
0.8014
0.8017
0.8017
0.8021
0.8021
0.8024
0.8024
0.8027
0.8027
0.803
0.803
0.803
0.8034
0.8034
0.8037
0.8037
0.8037
0.804
0.804
0.8044
0.8044
0.8047
0.8047
0.8051
0.8051
0.8054
0.8054
0.8057
0.8057
0.8061
0.8061
0.8064
0.8064
0.8064
0.8067
0.807
0.807
0.8074
0.8074
0.8074
0.8077
0.8077
0.808
0.808
0.8084
0.8084
0.8087
0.8087
0.8091
0.8091
0.8094
0.8094
0.8097
0.8097
0.8101
0.8101
0.8104
0.8104
0.8107
0.8107
0.811
0.811
0.811
0.8114
0.8114
0.8117
0.8117
0.812
0.812
0.8124
0.8124
0.8127
0.8127
0.8131
0.8131
0.8134
0.8134
0.8137
0.8137
0.8141
0.8141
0.8144
0.8144
0.8147
0.8147
0.8147
0.815
0.815
0.8154
0.8154
0.8157
0.816
0.816
0.816
0.8164
0.8167
0.8167
0.8167
0.8171
0.8171
0.8174
0.8174
0.8177
0.8177
0.8181
0.8181
0.8184
0.8184
0.8187
0.8187
0.819
0.819
0.8194
0.8194
0.8197
0.8197
0.8201
0.8201
0.8204
0.8204
0.8207
0.8207
0.8207
0.8211
0.8211
0.8214
0.8214
0.8217
0.8217
0.8221
0.8221
0.8224
0.8224
0.8227
0.8227
0.8231
0.8231
0.8234
0.8234
0.8237
0.8237
0.8237
0.8241
0.8244
0.8244
0.8247
0.8247
0.8251
0.8251
0.8254
0.8254
0.8257
0.8257
0.8261
0.8261
0.8264
0.8264
0.8264
0.8267
0.8267
0.8271
0.8271
0.8274
0.8274
0.8277
0.8277
0.8281
0.8281
0.8284
0.8284
0.8287
0.8287
0.8291
0.8291
0.8294
0.8294
0.8297
0.8297
0.8301
0.8301
0.8304
0.8304
0.8307
0.8307
0.8311
0.8311
0.8314
0.8314
0.8317
0.8317
0.8321
0.8321
0.8324
0.8324
0.8327
0.8327
0.8331
0.8331
0.8334
0.8334
0.8337
0.8337
0.8341
0.8341
0.8344
0.8344
0.8347
0.8347
0.8351
0.8351
0.8354
0.8354
0.8357
0.8357
0.8361
0.8361
0.8364
0.8364
0.8367
0.8367
0.8371
0.8371
0.8374
0.8374
0.8377
0.8377
0.8377
0.8381
0.8384
0.8384
0.8387
0.8387
0.8391
0.8391
0.8394
0.8394
0.8397
0.8397
0.8401
0.8401
0.8404
0.8404
0.8407
0.8407
0.8411
0.8414
0.8414
0.8414
0.8417
0.8421
0.8421
0.8424
0.8424
0.8427
0.8427
0.8431
0.8431
0.8434
0.8434
0.8434
0.8437
0.8441
0.8441
0.8444
0.8444
0.8444
0.8447
0.8447
0.8451
0.8451
0.8454
0.8457
0.8457
0.8461
0.8461
0.8464
0.8464
0.8467
0.8467
0.8471
0.8471
0.8474
0.8474
0.8477
0.8477
0.8481
0.8481
0.8484
0.8484
0.8487
0.8487
0.8491
0.8491
0.8494
0.8494
0.8497
0.8497
0.8501
0.8501
0.8504
0.8504
0.8507
0.8507
0.8511
0.8511
0.8514
0.8517
0.8517
0.8521
0.8521
0.8524
0.8524
0.8527
0.8527
0.8531
0.8531
0.8534
0.8534
0.8537
0.8537
0.8541
0.8541
0.8544
0.8544
0.8547
0.8547
0.8551
0.8551
0.8554
0.8554
0.8557
0.8557
0.8561
0.8561
0.8564
0.8567
0.8567
0.8571
0.8571
0.8574
0.8574
0.8577
0.8577
0.8581
0.8581
0.8584
0.8584
0.8587
0.8587
0.8591
0.8594
0.8594
0.8594
0.8597
0.8601
0.8601
0.8604
0.8604
0.8607
0.8607
0.8611
0.8611
0.8614
0.8617
0.8617
0.8621
0.8621
0.8624
0.8624
0.8627
0.8627
0.8631
0.8631
0.8634
0.8634
0.8637
0.8637
0.8641
0.8641
0.8644
0.8647
0.8647
0.8651
0.8651
0.8654
0.8654
0.8657
0.8657
0.8661
0.8664
0.8664
0.8667
0.8667
0.8671
0.8671
0.8674
0.8674
0.8677
0.8677
0.8681
0.8681
0.8684
0.8684
0.8687
0.8691
0.8691
0.8694
0.8694
0.8697
0.8697
0.8701
0.8701
0.8704
0.8704
0.8707
0.8707
0.8711
0.8711
0.8714
0.8717
0.8717
0.8717
0.8721
0.8721
0.8724
0.8727
0.8727
0.8727
0.8731
0.8731
0.8734
0.8737
0.8737
0.8741
0.8741
0.8744
0.8744
0.8747
0.8751
0.8751
0.8754
0.8754
0.8757
0.8757
0.8761
0.8761
0.8764
0.8764
0.8767
0.8767
0.877
0.877
0.8774
0.8774
0.8777
0.8777
0.8781
0.8784
0.8784
0.8787
0.8787
0.8791
0.8791
0.8794
0.8794
0.8797
0.8797
0.8801
0.8801
0.8804
0.8807
0.8807
0.881
0.881
0.8814
0.8814
0.8817
0.8817
0.8821
0.8824
0.8824
0.8827
0.8827
0.8831
0.8831
0.8834
0.8834
0.8837
0.8837
0.8841
0.8841
0.8844
0.8847
0.8847
0.885
0.885
0.8854
0.8854
0.8857
0.8861
0.8861
0.8864
0.8864
0.8867
0.8867
0.8871
0.8871
0.8874
0.8874
0.8877
0.8877
0.8881
0.8881
0.8884
0.8887
0.8887
0.889
0.889
0.8894
0.8894
0.8897
0.8897
0.8901
0.8901
0.8904
0.8904
0.8907
0.8907
0.8911
0.8914
0.8914
0.8917
0.8917
0.8921
0.8921
0.8924
0.8927
0.8927
0.893
0.893
0.8934
0.8934
0.8937
0.8937
0.8941
0.8944
0.8944
0.8947
0.8947
0.8951
0.8954
0.8954
0.8957
0.8957
0.8961
0.8961
0.8964
0.8964
0.8967
0.8967
0.897
0.897
0.8974
0.8977
0.8977
0.8981
0.8981
0.8984
0.8984
0.8987
0.8991
0.8991
0.8991
0.8994
0.8997
0.8997
0.9001
0.9001
0.9004
0.9007
0.9007
0.901
0.901
0.9014
0.9017
0.9017
0.9021
0.9021
0.9024
0.9027
0.9027
0.9031
0.9031
0.9034
0.9037
0.9037
0.9041
0.9041
0.9044
0.9044
0.9047
0.9047
0.905
0.9054
0.9054
0.9057
0.9057
0.9061
0.9061
0.9064
0.9067
0.9067
0.9071
0.9071
0.9074
0.9077
0.9077
0.9081
0.9081
0.9084
0.9084
0.9087
0.909
0.909
0.9094
0.9094
0.9097
0.9097
0.9101
0.9104
0.9104
0.9107
0.9107
0.9111
0.9111
0.9114
0.9117
0.9117
0.9121
0.9121
0.9124
0.9127
0.9127
0.913
0.913
0.9134
0.9134
0.9137
0.9137
0.9141
0.9144
0.9144
0.9147
0.9147
0.9151
0.9151
0.9154
0.9157
0.9157
0.9161
0.9161
0.9164
0.9164
0.9167
0.9167
0.917
0.9174
0.9174
0.9177
0.9177
0.9181
0.9184
0.9184
0.9187
0.9187
0.9191
0.9191
0.9194
0.9194
0.9197
0.92
0.92
0.9204
0.9207
0.9207
0.921
0.921
0.9214
0.9214
0.9217
0.9221
0.9221
0.9224
0.9224
0.9227
0.9227
0.9231
0.9234
0.9234
0.9237
0.9237
0.924
0.924
0.9244
0.9247
0.9247
0.925
0.925
0.9254
0.9254
0.9257
0.9261
0.9261
0.9264
0.9264
0.9267
0.9267
0.9271
0.9274
0.9274
0.9277
0.9277
0.928
0.928
0.9284
0.9287
0.9287
0.929
0.929
0.9294
0.9294
0.9297
0.9301
0.9301
0.9304
0.9307
0.9307
0.9311
0.9311
0.9314
0.9317
0.9317
0.932
0.932
0.9324
0.9327
0.9327
0.933
0.933
0.9334
0.9337
0.9337
0.9341
0.9344
0.9344
0.9347
0.9347
0.9351
0.9354
0.9354
0.9357
0.936
0.936
0.9364
0.9364
0.9367
0.937
0.937
0.9374
0.9374
0.9377
0.9381
0.9381
0.9384
0.9384
0.9387
0.9387
0.9391
0.9394
0.9394
0.9397
0.9397
0.94
0.9404
0.9404
0.9407
0.941
0.941
0.9414
0.9414
0.9417
0.9421
0.9421
0.9424
0.9427
0.9427
0.9431
0.9431
0.9434
0.9437
0.944
0.944
0.9444
0.9444
0.9447
0.9447
0.945
0.945
0.9454
0.9457
0.9457
0.9461
0.9464
0.9464
0.9467
0.9467
0.9471
0.9474
0.9474
0.9477
0.9477
0.948
0.9484
0.9484
0.9487
0.9491
0.9491
0.9494
0.9494
0.9497
0.9501
0.9501
0.9504
0.9507
0.9507
0.9511
0.9511
0.9514
0.9517
0.9517
0.9521
0.9521
0.9524
0.9527
0.9527
0.9531
0.9534
0.9534
0.9537
0.9541
0.9541
0.9544
0.9547
0.9547
0.9551
0.9554
0.9554
0.9557
0.9561
0.9561
0.9564
0.9567
0.9567
0.9571
0.9574
0.9574
0.9577
0.9581
0.9581
0.9584
0.9584
0.9587
0.9591
0.9591
0.9594
0.9594
0.9597
0.9601
0.9601
0.9604
0.9604
0.9607
0.9611
0.9611
0.9614
0.9614
0.9617
0.9621
0.9621
0.9624
0.9627
0.9627
0.9631
0.9631
0.9634
0.9634
0.9637
0.9641
0.9641
0.9644
0.9644
0.9647
0.9651
0.9651
0.9654
0.9657
0.9657
0.9661
0.9664
0.9664
0.9667
0.9667
0.9671
0.9674
0.9674
0.9677
0.9681
0.9681
0.9684
0.9687
0.9687
0.9691
0.9691
0.9694
0.9697
0.9697
0.9701
0.9704
0.9704
0.9707
0.9707
0.9711
0.9714
0.9714
0.9717
0.9721
0.9721
0.9724
0.9724
0.9727
0.9727
0.9731
0.9734
0.9734
0.9737
0.9741
0.9741
0.9744
0.9747
0.9747
0.9751
0.9751
0.9754
0.9757
0.9757
0.9761
0.9764
0.9764
0.9767
0.9771
0.9771
0.9774
0.9777
0.9777
0.9781
0.9781
0.9784
0.9787
0.9787
0.9791
0.9794
0.9797
0.9797
0.9801
0.9801
0.9804
0.9807
0.9807
0.9811
0.9814
0.9814
0.9817
0.9821
0.9821
0.9824
0.9827
0.9827
0.9831
0.9834
0.9834
0.9837
0.9841
0.9841
0.9844
0.9847
0.9847
0.9851
0.9854
0.9854
0.9857
0.9861
0.9861
0.9864
0.9867
0.9867
0.9871
0.9874
0.9874
0.9877
0.9881
0.9881
0.9884
0.9884
0.9887
0.9891
0.9891
0.9894
0.9897
0.9901
0.9901
0.9904
0.9907
0.9907
0.9911
0.9914
0.9914
0.9917
0.9921
0.9921
0.9924
0.9927
0.9927
0.9931
0.9934
0.9934
0.9937
0.9937
0.9941
0.9944
0.9944
0.9947
0.9951
0.9951
0.9954
0.9957
0.9957
0.9961
0.9964
0.9964
0.9967
0.9971
0.9971
0.9974
0.9977
0.9977
0.9981
0.9981
0.9984
0.9987
0.9987
0.9991
0.9994
0.9994
0.9997
0.9997
1.0001
1.0004
1.0004
1.0007
1.0011
1.0014
1.0014
1.0017
1.0017
1.0021
1.0024
1.0024
1.0027
1.003
1.003
1.0034
1.0037
1.0041
1.0041
1.0044
1.0047
1.0047
1.0051
1.0051
1.0054
1.0057
1.0061
1.0061
1.0064
1.0067
1.007
1.007
1.0074
1.0077
1.0077
1.0081
1.0084
1.0084
1.0087
1.0091
1.0094
1.0094
1.0097
1.0101
1.0101
1.0104
1.0107
1.0107
1.011
1.0114
1.0117
1.0117
1.0121
1.0124
1.0127
1.0127
1.0131
1.0134
1.0134
1.0137
1.0141
1.0141
1.0144
1.0147
1.0147
1.015
1.0154
1.0154
1.0157
1.0161
1.0164
1.0164
1.0167
1.0171
1.0171
1.0174
1.0177
1.0177
1.0181
1.0184
1.0184
1.0187
1.019
1.0194
1.0194
1.0197
1.0201
1.0201
1.0204
1.0207
1.0211
1.0211
1.0214
1.0217
1.0221
1.0221
1.0224
1.0227
1.0227
1.023
1.0234
1.0234
1.0237
1.0241
1.0241
1.0244
1.0247
1.0247
1.0251
1.0254
1.0257
1.0257
1.0261
1.0264
1.0264
1.0267
1.027
1.027
1.0274
1.0277
1.0277
1.0281
1.0284
1.0287
1.0287
1.0291
1.0294
1.0294
1.0297
1.0301
1.0301
1.0304
1.0307
1.0307
1.031
1.0314
1.0317
1.0317
1.0321
1.0324
1.0324
1.0327
1.0331
1.0331
1.0334
1.0337
1.0337
1.0341
1.0344
1.0344
1.0347
1.035
1.0354
1.0354
1.0357
1.0361
1.0361
1.0364
1.0367
1.0367
1.0371
1.0374
1.0374
1.0377
1.0381
1.0381
1.0384
1.0387
1.039
1.039
1.0394
1.0397
1.0397
1.0401
1.0404
1.0407
1.0411
1.0411
1.0414
1.0417
1.0421
1.0421
1.0424
1.0427
1.043
1.043
1.0434
1.0437
1.0441
1.0441
1.0444
1.0447
1.0447
1.045
1.0454
1.0457
1.0457
1.0461
1.0464
1.0464
1.0467
1.047
1.0474
1.0474
1.0477
1.0481
1.0481
1.0484
1.0487
1.049
1.049
1.0494
1.0497
1.0501
1.0501
1.0504
1.0507
1.051
1.051
1.0514
1.0517
1.0517
1.0521
1.0524
1.0524
1.0527
1.053
1.0534
1.0534
1.0537
1.0541
1.0541
1.0544
1.0547
1.055
1.0554
1.0554
1.0557
1.0561
1.0561
1.0564
1.0567
1.057
1.057
1.0574
1.0577
1.0581
1.0584
1.0584
1.0587
1.059
1.0594
1.0594
1.0597
1.0601
1.0601
1.0604
1.0607
1.061
1.061
1.0614
1.0617
1.0621
1.0621
1.0624
1.0627
1.0627
1.063
1.0634
1.0637
1.0641
1.0641
1.0644
1.0647
1.065
1.065
1.0654
1.0657
1.0661
1.0664
1.0664
1.0667
1.067
1.067
1.0674
1.0677
1.0681
1.0681
1.0684
1.0687
1.069
1.0694
1.0694
1.0697
1.0701
1.0704
1.0704
1.0707
1.071
1.0714
1.0714
1.0717
1.0721
1.0724
1.0724
1.0727
1.073
1.0734
1.0734
1.0737
1.0741
1.0741
1.0744
1.0747
1.075
1.075
1.0754
1.0757
1.0761
1.0761
1.0764
1.0767
1.077
1.077
1.0774
1.0777
1.0781
1.0781
1.0784
1.0787
1.079
1.0794
1.0794
1.0797
1.0801
1.0804
1.0804
1.0807
1.0811
1.0814
1.0814
1.0817
1.0821
1.0821
1.0824
1.0827
1.0831
1.0834
1.0834
1.0837
1.084
1.0844
1.0844
1.0847
1.0851
1.0854
1.0857
1.0857
1.0861
1.0864
1.0867
1.0867
1.0871
1.0874
1.0874
1.0877
1.088
1.0884
1.0884
1.0887
1.0891
1.0894
1.0897
1.0897
1.0901
1.0904
1.0907
1.0907
1.0911
1.0914
1.0917
1.0917
1.092
1.0924
1.0927
1.0931
1.0934
1.0937
1.0937
1.0941
1.0944
1.0944
1.0947
1.0951
1.0954
1.0954
1.0957
1.096
1.096
1.0964
1.0967
1.0971
1.0971
1.0974
1.0977
1.0981
1.0981
1.0984
1.0987
1.0991
1.0994
1.0994
1.0997
1.1
1.1004
1.1007
1.1007
1.1011
1.1014
1.1017
1.1017
1.1021
1.1024
1.1027
1.1027
1.1031
1.1034
1.1037
1.104
1.104
1.1044
1.1047
1.1051
1.1054
1.1054
1.1057
1.1061
1.1061
1.1064
1.1067
1.1071
1.1074
1.1074
1.1077
1.108
1.1084
1.1087
1.1087
1.1091
1.1094
1.1097
1.1101
1.1101
1.1104
1.1107
1.1111
1.1111
1.1114
1.1117
1.112
1.112
1.1124
1.1127
1.1131
1.1134
1.1137
1.1137
1.1141
1.1144
1.1147
1.1147
1.1151
1.1154
1.1157
1.1157
1.116
1.1164
1.1167
1.1167
1.1171
1.1174
1.1177
1.1177
1.1181
1.1184
1.1187
1.1187
1.1191
1.1194
1.1194
1.1197
1.12
1.1204
1.1207
1.1207
1.1211
1.1214
1.1217
1.1221
1.1221
1.1224
1.1227
1.1231
1.1234
1.1237
1.124
1.1244
1.1244
1.1247
1.1251
1.1254
1.1254
1.1257
1.1261
1.1264
1.1267
1.1267
1.1271
1.1274
1.1277
1.128
1.1284
1.1284
1.1287
1.1291
1.1294
1.1297
1.1297
1.1301
1.1304
1.1307
1.1307
1.1311
1.1314
1.1317
1.1317
1.132
1.1324
1.1327
1.1327
1.1331
1.1334
1.1337
1.1341
1.1341
1.1344
1.1347
1.1351
1.1351
1.1354
1.1357
1.136
1.1364
1.1367
1.1367
1.1371
1.1374
1.1377
1.1381
1.1384
1.1384
1.1387
1.1391
1.1394
1.1397
1.1397
1.14
1.1404
1.1407
1.1411
1.1411
1.1414
1.1417
1.1421
1.1421
1.1424
1.1427
1.1431
1.1434
1.1437
1.1437
1.144
1.1444
1.1447
1.1451
1.1454
1.1454
1.1457
1.1461
1.1464
1.1467
1.1471
1.1474
1.1474
1.1477
1.148
1.1484
1.1487
1.1491
1.1491
1.1494
1.1497
1.1501
1.1504
1.1504
1.1507
1.1511
1.1514
1.1517
1.1517
1.152
1.1524
1.1527
1.1531
1.1534
1.1537
1.1537
1.1541
1.1544
1.1547
1.1551
1.1554
1.1554
1.1557
1.156
1.1564
1.1567
1.1571
1.1571
1.1574
1.1577
1.1581
1.1584
1.1584
1.1587
1.1591
1.1594
1.1597
1.16
1.1604
1.1607
1.1611
1.1611
1.1614
1.1617
1.1621
1.1624
1.1627
1.1627
1.1631
1.1634
1.1637
1.164
1.164
1.1644
1.1647
1.1651
1.1654
1.1657
1.1657
1.1661
1.1664
1.1667
1.1671
1.1674
1.1674
1.1677
1.168
1.1684
1.1687
1.1691
1.1694
1.1694
1.1697
1.17
1.1704
1.1707
1.1707
1.1711
1.1714
1.1717
1.172
1.1724
1.1727
1.1731
1.1731
1.1734
1.1737
1.174
1.1744
1.1747
1.1751
1.1754
1.1757
1.176
1.176
1.1764
1.1767
1.1771
1.1774
1.1777
1.178
1.1784
1.1787
1.1791
1.1794
1.1794
1.1797
1.18
1.1804
1.1807
1.1811
1.1811
1.1814
1.1817
1.182
1.1824
1.1827
1.1831
1.1831
1.1834
1.1837
1.184
1.1844
1.1847
1.1851
1.1851
1.1854
1.1857
1.186
1.1864
1.1867
1.1871
1.1874
1.1877
1.1877
1.188
1.1884
1.1887
1.1891
1.1894
1.1897
1.1897
1.19
1.1904
1.1907
1.1911
1.1914
1.1917
1.192
1.1924
1.1927
1.1931
1.1934
1.1937
1.1937
1.194
1.1944
1.1947
1.1951
1.1954
1.1957
1.196
1.196
1.1964
1.1967
1.1971
1.1974
1.1977
1.198
1.1984
1.1987
1.1991
1.1994
1.1997
1.1997
1.2
1.2004
1.2007
1.2011
1.2014
1.2017
1.202
1.202
1.2027
1.2031
1.2031
1.2034
1.2037
1.204
1.2044
1.2047
1.2051
1.2054
1.2054
1.2057
1.206
1.2064
1.2067
1.2071
1.2074
1.2077
1.208
1.2084
1.2087
1.2087
1.209
1.2094
1.2097
1.21
1.2104
1.2107
1.2111
1.2114
1.2114
1.2117
1.212
1.2124
1.2127
1.213
1.2134
1.2137
1.2141
1.2141
1.2144
1.2147
1.2151
1.2154
1.2157
1.2161
1.2164
1.2167
1.2167
1.217
1.2174
1.2177
1.2181
1.2184
1.2187
1.2187
1.2191
1.2194
1.2197
1.2201
1.2204
1.2207
1.221
1.221
1.2214
1.2217
1.2221
1.2224
1.2227
1.2231
1.2234
1.2234
1.2237
1.2241
1.2244
1.2247
1.225
1.2254
1.2257
1.2257
1.2261
1.2264
1.2267
1.2271
1.2274
1.2277
1.2281
1.2281
1.2284
1.2287
1.229
1.2294
1.2297
1.2297
1.2301
1.2304
1.2307
1.2311
1.2314
1.2317
1.2321
1.2324
1.2327
1.233
1.2334
1.2334
1.2337
1.2341
1.2344
1.2347
1.2351
1.2354
1.2357
1.2361
1.2364
1.2367
1.237
1.237
1.2374
1.2377
1.2381
1.2384
1.2387
1.2391
1.2391
1.2394
1.2397
1.2401
1.2404
1.2407
1.241
1.2414
1.2417
1.2421
1.2421
1.2424
1.2427
1.2431
1.2434
1.2437
1.2441
1.2444
1.2447
1.2447
1.245
1.2454
1.2457
1.2461
1.2464
1.2467
1.2471
1.2474
1.2477
1.2477
1.2481
1.2484
1.2487
1.249
1.2494
1.2497
1.2501
1.2504
1.2507
1.2511
1.2514
1.2517
1.2521
1.2524
1.2527
1.2527
1.253
1.2534
1.2537
1.2541
1.2544
1.2547
1.2547
1.2551
1.2554
1.2557
1.2561
1.2564
1.2567
1.257
1.2574
1.2577
1.2581
1.2584
1.2587
1.2591
1.2594
1.2597
1.2601
1.2601
1.2604
1.261
1.261
1.2614
1.2617
1.2621
1.2624
1.2627
1.2631
1.2634
1.2634
1.2637
1.2641
1.2644
1.2647
1.265
1.2654
1.2657
1.2661
1.2664
1.2667
1.2671
1.2674
1.2674
1.2677
1.2681
1.2684
1.2687
1.269
1.2694
1.2697
1.2701
1.2704
1.2707
1.2711
1.2711
1.2714
1.2717
1.2721
1.2724
1.2727
1.273
1.2734
1.2737
1.2741
1.2741
1.2747
1.2747
1.2751
1.2754
1.2757
1.2761
1.2764
1.2767
1.277
1.2774
1.2777
1.2781
1.2784
1.2787
1.2791
1.2794
1.2797
1.2801
1.2804
1.2807
1.281
1.2814
1.2817
1.2821
1.2824
1.2827
1.2831
1.2831
1.2834
1.2837
1.2841
1.2844
1.2847
1.285
1.2854
1.2857
1.2861
1.2864
1.2867
1.2871
1.2874
1.2877
1.2881
1.2884
1.2887
1.289
1.2894
1.2897
1.2901
1.2904
1.2904
1.2907
1.2911
1.2917
1.2921
1.2921
1.2924
1.293
1.293
1.2934
1.2937
1.2941
1.2944
1.2947
1.295
1.2954
1.2957
1.2961
1.2964
1.2967
1.297
1.2974
1.2977
1.2981
1.2984
1.2987
1.299
1.2994
1.2997
1.3001
1.3004
1.3007
1.301
1.3014
1.3017
1.3021
1.3024
1.3027
1.303
1.3034
1.3037
1.3041
1.3047
1.305
1.305
1.3054
1.3057
1.3061
1.3064
1.3067
1.307
1.3074
1.3077
1.3081
1.3084
1.3087
1.309
1.3094
1.3097
1.3101
1.3104
1.3107
1.311
1.3114
1.3117
1.3121
1.3124
1.3127
1.313
1.3134
1.3137
1.3141
1.3144
1.3147
1.315
1.3154
1.3157
1.3161
1.3164
1.3167
1.3174
1.3177
1.3177
1.3181
1.3184
1.3187
1.3194
1.3197
1.3197
1.3201
1.3204
1.321
1.3214
1.3217
1.3217
1.3221
1.3224
1.3227
1.323
1.3234
1.3237
1.3241
1.3244
1.3247
1.325
1.3254
1.3257
1.3261
1.3264
1.3267
1.327
1.3274
1.3277
1.3281
1.3284
1.3287
1.329
1.3294
1.3297
1.3301
1.3304
1.3307
1.331
1.3314
1.3317
1.3321
1.3324
1.3327
1.333
1.3334
1.3337
1.334
1.3344
1.3347
1.335
1.3354
1.3357
1.3361
1.3364
1.3367
1.337
1.3374
1.3377
1.3381
1.3384
1.3387
1.3391
1.3394
1.3397
1.34
1.3404
1.3407
1.341
1.3414
1.3417
1.342
1.3424
1.3427
1.343
1.3434
1.3437
1.3441
1.3444
1.3447
1.345
1.3457
1.3461
1.3464
1.3467
1.3471
1.3474
1.3477
1.348
1.3484
1.3487
1.3491
1.3494
1.3497
1.35
1.3504
1.3507
1.3511
1.3514
1.3517
1.3521
1.3524
1.3531
1.3531
1.3537
1.3541
1.3544
1.3547
1.3551
1.3554
1.3557
1.356
1.3564
1.3567
1.3571
1.3574
1.3577
1.358
1.3584
1.3587
1.3591
1.3594
1.3597
1.3601
1.3604
1.3607
1.3611
1.3614
1.3617
1.3621
1.3624
1.3627
1.3631
1.3634
1.3637
1.364
1.3644
1.3647
1.3651
1.3654
1.3657
1.3664
1.3664
1.3667
1.3674
1.3677
1.3681
1.3684
1.3687
1.3691
1.3694
1.3694
1.3701
1.3704
1.3704
1.3707
1.3714
1.3717
1.372
1.3724
1.3727
1.3731
1.3734
1.3737
1.374
1.3744
1.3747
1.3751
1.3754
1.3757
1.3761
1.3764
1.3767
1.3771
1.3774
1.3777
1.3781
1.3787
1.3787
1.379
1.3797
1.3797
1.38
1.3804
1.3807
1.3811
1.3814
1.3817
1.3824
1.3827
1.3831
1.3834
1.3837
1.3841
1.3844
1.3847
1.3851
1.3854
1.3857
1.3861
1.3864
1.3867
1.387
1.3877
1.388
1.3884
1.3887
1.3891
1.3894
1.3897
1.39
1.3904
1.3907
1.3914
1.3914
1.3921
1.3921
1.3924
1.3931
1.3934
1.3937
1.3941
1.3944
1.3947
1.395
1.3954
1.3957
1.3964
1.3967
1.3971
1.3974
1.3977
1.398
1.3984
1.3987
1.3991
1.3994
1.3997
1.4001
1.4004
1.4007
1.4011
1.4014
1.4017
1.4021
1.4024
1.403
1.4034
1.4037
1.404
1.4044
1.4047
1.4051
1.4054
1.4057
1.406
1.4064
1.4067
1.4071
1.4074
1.4077
1.4081
1.4084
1.4087
1.4091
1.4094
1.4101
1.4104
1.4107
1.411
1.4114
1.4117
1.412
1.4124
1.4131
1.4134
1.4137
1.414
1.4144
1.4147
1.4151
1.4157
1.4161
1.4164
1.4167
1.4171
1.4174
1.4177
1.418
1.4187
1.4187
1.4194
1.4197
1.42
1.4204
1.4207
1.4211
1.4214
1.4217
1.422
1.4227
1.4231
1.4234
1.4237
1.4241
1.4244
1.4247
1.4251
1.4254
1.4257
1.426
1.4264
1.4267
1.427
1.4277
1.428
1.4284
1.4287
1.4291
1.4294
1.4297
1.4304
1.4307
1.4311
1.4314
1.4317
1.4321
1.4324
1.4327
1.4331
1.4334
1.4337
1.434
1.4347
1.435
1.4354
1.4357
1.436
1.4364
1.4371
1.4371
1.4374
1.438
1.4384
1.4387
1.4391
1.4394
1.4397
1.4401
1.4407
1.4411
1.4414
1.4417
1.442
1.4424
1.4427
1.443
1.4434
1.444
1.4444
1.4447
1.4451
1.4454
1.4457
1.446
1.4464
1.4471
1.4474
1.4477
1.4481
1.4484
1.4491
1.4494
1.4497
1.45
1.4504
1.4507
1.451
1.4514
1.4517
1.4524
1.4527
1.4531
1.4534
1.4537
1.454
1.4547
1.4551
1.4554
1.4557
1.4561
1.4567
1.4571
1.4574
1.4577
1.458
1.4584
1.459
1.4594
1.4597
1.46
1.4604
1.4611
1.4614
1.4617
1.4624
1.4627
1.4631
1.4634
1.4637
1.4641
1.4644
1.465
1.4654
1.4657
1.466
1.4664
1.467
1.467
1.4677
1.468
1.4684
1.4687
1.4691
1.4694
1.47
1.4704
1.4707
1.4711
1.4714
1.4721
1.4724
1.4727
1.473
1.4734
1.474
1.4744
1.4747
1.475
1.4754
1.476
1.4764
1.4767
1.4771
1.4774
1.4777
1.4781
1.4787
1.4791
1.4794
1.4801
1.4804
1.4807
1.481
1.4814
1.4821
1.4824
1.4827
1.483
1.4837
1.4841
1.4844
1.4847
1.4851
1.4857
1.4861
1.4864
1.4867
1.4871
1.4874
1.4881
1.4884
1.4887
1.489
1.4894
1.4897
1.4904
1.4907
1.491
1.4914
1.4917
1.4921
1.4927
1.4931
1.4934
1.4937
1.4941
1.4944
1.4951
1.4954
1.4957
1.4961
1.4964
1.4967
1.4974
1.4977
1.4981
1.4984
1.499
1.4994
1.4997
1.5001
1.5007
1.5011
1.5014
1.5017
1.5021
1.5024
1.5031
1.5034
1.5037
1.504
1.5044
1.505
1.5054
1.5057
1.5061
1.5064
1.507
1.5074
1.5077
1.5081
1.5087
1.5091
1.5094
1.5097
1.5101
1.5104
1.5111
1.5114
1.5117
1.512
1.5127
1.513
1.5134
1.5137
1.5141
1.5144
1.5147
1.515
1.5157
1.5161
1.5164
1.5167
1.5171
1.5177
1.5181
1.5184
1.5187
1.5194
1.5197
1.52
1.5204
1.5207
1.521
1.5214
1.5217
1.5224
1.5227
1.523
1.5234
1.5241
1.5244
1.5247
1.5251
1.5254
1.5261
1.5264
1.5267
1.5271
1.5274
1.5277
1.5284
1.5287
1.529
1.5294
1.5301
1.5304
1.5307
1.531
1.5317
1.5321
1.5324
1.5331
1.5334
1.5341
1.5344
1.5347
1.5351
1.5354
1.536
1.5364
1.5367
1.5374
1.5377
1.5381
1.5384
1.539
1.5394
1.5397
1.5401
1.5407
1.5411
1.5417
1.5421
1.5424
1.5427
1.543
1.5437
1.544
1.5444
1.5447
1.545
1.5457
1.5461
1.5464
1.5467
1.5474
1.5477
1.5481
1.5484
1.5487
1.5494
1.5497
1.5501
1.5504
1.5507
1.5514
1.5517
1.552
1.5527
1.553
1.5534
1.5541
1.5541
1.5547
1.555
1.5554
1.5557
1.5564
1.5567
1.5571
1.5574
1.5577
1.5581
1.5584
1.5587
1.5594
1.5597
1.56
1.5607
1.561
1.5614
1.5617
1.5624
1.5627
1.5634
1.5637
1.5641
1.5647
1.5651
1.5654
1.5657
1.5664
1.5667
1.567
1.5674
1.568
1.5684
1.5687
1.569
1.5697
1.5701
1.5704
1.5707
1.5714
1.5717
1.5721
1.5724
1.5731
1.5734
1.5737
1.5744
1.5747
1.575
1.5754
1.5757
1.5764
1.5767
1.577
1.5774
1.5781
1.5784
1.579
1.5794
1.5797
1.5801
1.5807
1.5811
1.5814
1.5821
1.5824
1.583
1.5834
1.5837
1.584
1.5844
1.585
1.5854
1.5857
1.5861
1.5867
1.587
1.5874
1.5881
1.5884
1.5891
1.5894
1.5897
1.59
1.5907
1.591
1.5914
1.5917
1.5924
1.5927
1.5934
1.5937
1.5941
1.5947
1.595
1.5954
1.5961
1.5964
1.5967
1.5971
1.5977
1.598
1.5984
1.599
1.5994
1.5997
1.6004
1.6007
1.601
1.6017
1.6021
1.6024
1.6027
1.6034
1.6037
1.6041
1.6047
1.6051
1.6054
1.6057
1.606
1.6067
1.607
1.6074
1.608
1.6084
1.6087
1.6094
1.6097
1.6101
1.6107
1.6111
1.6114
1.6117
1.6124
1.6127
1.6134
1.6137
1.614
1.6144
1.6151
1.6154
1.616
1.6164
1.6171
1.6174
1.6181
1.6184
1.6187
1.6194
1.6197
1.6204
1.6207
1.6211
1.6217
1.622
1.6224
1.6231
1.6234
1.6237
1.6244
1.6247
1.6251
1.6254
1.6257
1.6264
1.6267
1.6271
1.6277
1.6281
1.6287
1.629
1.6294
1.6297
1.63
1.6307
1.6311
1.6314
1.632
1.6324
1.6331
1.6334
1.6341
1.6344
1.6351
1.6354
1.6361
1.6364
1.6367
1.6374
1.6377
1.638
1.6387
1.6391
1.6394
1.6401
1.6404
1.6407
1.6414
1.6417
1.6421
1.6427
1.6431
1.6434
1.6441
1.6444
1.645
1.6454
1.6461
1.6464
1.6467
1.6474
1.6477
1.6484
1.6487
1.6491
1.6494
1.6501
1.6504
1.6507
1.6514
1.6517
1.6524
1.6527
1.653
1.6537
1.6541
1.6547
1.6554
1.6557
1.6561
1.6567
1.6571
1.6577
1.6581
1.6584
1.6591
1.6594
1.6601
1.6604
1.661
1.6614
1.6621
1.6624
1.6627
1.6634
1.6637
1.6641
1.6647
1.6651
1.6657
1.6661
1.6664
1.6671
1.6674
1.6681
1.6684
1.6687
1.6694
1.6697
1.6701
1.6707
1.6711
1.6714
1.6721
1.6724
1.6727
1.6731
1.6737
1.6741
1.6747
1.6751
1.6757
1.6761
1.6764
1.677
1.6774
1.6781
1.6784
1.6787
1.6791
1.6797
1.6801
1.6807
1.6811
1.6814
1.6821
1.6824
1.6827
1.6834
1.6837
1.6844
1.6847
1.685
1.6857
1.6861
1.6867
1.6871
1.6877
1.6881
1.6884
1.6887
1.6894
1.6897
1.6904
1.6907
1.6914
1.6917
1.6924
1.6927
1.6934
1.6937
1.6944
1.6947
1.6951
1.6957
1.6961
1.6964
1.6971
1.6974
1.6981
1.6984
1.6987
1.6994
1.6997
1.7004
1.7007
1.701
1.7017
1.7021
1.7027
1.7031
1.7034
1.7041
1.7047
1.7051
1.7054
1.7061
1.7064
1.7071
1.7074
1.7077
1.7084
1.7087
1.709
1.7097
1.7101
1.7107
1.7111
1.7117
1.7121
1.7124
1.7131
1.7134
1.7141
1.7147
1.715
1.7154
1.7161
1.7167
1.717
1.7177
1.7181
1.7184
1.7191
1.7194
1.7201
1.7204
1.7211
1.7214
1.7221
1.7224
1.723
1.7234
1.7241
1.7244
1.725
1.7254
1.7261
1.7264
1.7271
1.7277
1.7281
1.7284
1.7291
1.7294
1.7301
1.7304
1.731
1.7314
1.7321
1.7324
1.733
1.7334
1.7337
1.7344
1.7347
1.7354
1.7357
1.7364
1.7367
1.7374
1.7377
1.7381
1.7387
1.739
1.7397
1.7401
1.7404
1.741
1.7414
1.7421
1.7427
1.7431
1.7437
1.7441
1.7447
1.7451
1.7457
1.7461
1.7464
1.7467
1.7474
1.7477
1.7484
1.7487
1.7494
1.7497
1.7504
1.7511
1.7514
1.7521
1.7524
1.7531
1.7537
1.754
1.7547
1.7554
1.7557
1.7564
1.757
1.7574
1.7581
1.7584
1.7587
1.7594
1.7597
1.7604
1.7607
1.7614
1.762
1.7627
1.763
1.7637
1.7641
1.7647
1.765
1.7657
1.7661
1.7667
1.7671
1.7677
1.7684
1.7687
1.7691
1.7697
1.7704
1.7707
1.7714
1.7721
1.7724
1.7731
1.7734
1.7741
1.7744
1.7751
1.7754
1.7761
1.7764
1.7771
1.7774
1.7777
1.7784
1.7787
1.7794
1.7797
1.7804
1.7811
1.7814
1.7817
1.7824
1.7827
1.7834
1.7841
1.7844
1.7851
1.7854
1.786
1.7864
1.7871
1.7874
1.7881
1.7884
1.7891
1.7894
1.7901
1.7907
1.7911
1.7917
1.7924
1.7927
1.7931
1.7937
1.7944
1.7947
1.7954
1.7957
1.7964
1.7971
1.7974
1.7981
1.7984
1.7991
1.7997
1.8001
1.8007
1.8014
1.8017
1.8024
1.8031
1.8034
1.8041
1.8044
1.8047
1.8054
1.8057
1.8064
1.8067
1.8074
1.8077
1.8084
1.8087
1.8094
1.8097
1.8104
1.8107
1.8114
1.8121
1.8124
1.8131
1.8134
1.8141
1.8144
1.8151
1.8157
1.8164
1.8167
1.8174
1.8177
1.8184
1.8187
1.8194
1.8201
1.8204
1.8211
1.8214
1.8221
1.8224
1.8231
1.8234
1.8241
1.8247
1.8251
1.8257
1.8264
1.8267
1.8274
1.8277
1.8284
1.8291
1.8294
1.8301
1.8304
1.8311
1.8314
1.8321
1.8324
1.8331
1.8337
1.834
1.8347
1.8351
1.8357
1.8364
1.8367
1.8374
1.8381
1.8387
1.8391
1.8397
1.84
1.8407
1.8414
1.842
1.8424
1.8431
1.8437
1.8444
1.8447
1.8454
1.8461
1.8464
1.8471
1.8477
1.8484
1.8487
1.8494
1.8497
1.8504
1.8511
1.8514
1.8521
1.8527
1.8531
1.8537
1.8544
1.8547
1.8554
1.856
1.8567
1.8574
1.8577
1.8584
1.8591
1.8594
1.8601
1.8604
1.8614
1.8617
1.8621
1.8627
1.8634
1.864
1.8644
1.8654
1.8657
1.8664
1.8671
1.8674
1.8681
1.8687
1.8691
1.8697
1.8704
1.8707
1.8714
1.8717
1.8724
1.8731
1.8737
1.874
1.8747
1.8754
1.8761
1.8764
1.8771
1.8774
1.8781
1.8787
1.8794
1.88
1.8807
1.8811
1.8817
1.882
1.8827
1.8834
1.8837
1.8844
1.8851
1.8854
1.8861
1.8867
1.887
1.8877
1.8884
1.8887
1.8894
1.89
1.8907
1.8914
1.8917
1.8924
1.8931
1.8937
1.8941
1.8947
1.8954
1.8957
1.8967
1.8971
1.8977
1.8984
1.8987
1.8994
1.8997
1.9004
1.9011
1.9014
1.9021
1.9027
1.903
1.9041
1.9047
1.9051
1.9057
1.9064
1.9071
1.9074
1.9081
1.9087
1.9094
1.9097
1.9104
1.911
1.9117
1.9124
1.9131
1.9134
1.9141
1.9147
1.9154
1.9161
1.9164
1.9171
1.9177
1.9184
1.919
1.9194
1.9201
1.9207
1.9214
1.9217
1.9224
1.9231
1.9237
1.9241
1.9247
1.9254
1.9261
1.9264
1.927
1.9277
1.9284
1.9291
1.9297
1.9301
1.9307
1.9317
1.9324
1.9327
1.9334
1.9341
1.9347
1.935
1.9357
1.9364
1.9371
1.9377
1.9381
1.9387
1.9394
1.9401
1.9404
1.9411
1.9417
1.9424
1.9427
1.9434
1.9441
1.9447
1.9454
1.9461
1.9464
1.9471
1.9477
1.9484
1.9491
1.9494
1.9501
1.9507
1.9514
1.9517
1.9524
1.9531
1.9537
1.9544
1.9551
1.9557
1.9561
1.9567
1.9574
1.9581
1.9587
1.9594
1.9601
1.9607
1.9614
1.9617
1.9624
1.9631
1.9637
1.9644
1.9647
1.9654
1.9661
1.9667
1.9674
1.9681
1.9687
1.9691
1.9697
1.9704
1.9711
1.9717
1.9724
1.973
1.9737
1.9744
1.975
1.9757
1.9764
1.9771
1.9777
1.9784
1.9791
1.9797
1.9801
1.9807
1.9814
1.9821
1.9827
1.9834
1.9841
1.9847
1.9851
1.9857
1.9864
1.9871
1.9877
1.9884
1.989
1.9894
1.9901
1.9907
1.9914
1.9921
1.9927
1.9934
1.9941
1.9944
1.9954
1.9957
1.9964
1.997
1.9977
1.9984
1.999
1.9997
2.0004
2.001
2.0017
2.0024
2.0031
2.0037
2.0044
2.005
2.0057
2.006
2.0067
2.0074
2.0081
2.0087
2.0094
2.0101
2.0107
2.0114
2.0124
2.013
2.0137
2.0147
2.0154
2.0161
2.0167
2.0174
2.0177
2.0184
2.0191
2.0201
2.0207
2.021
2.0217
2.0224
2.0231
2.0237
2.0244
2.025
2.0257
2.0264
2.0271
2.0277
2.0284
2.029
2.0297
2.0307
2.0314
2.0321
2.0327
2.0334
2.0337
2.0344
2.0354
2.0361
2.0367
2.0374
2.038
2.0387
2.0394
2.0401
2.0407
2.0414
2.0421
2.0427
2.0434
2.0441
2.0447
2.0457
2.0464
2.0471
2.0477
2.0484
2.0491
2.0497
2.0507
2.0514
2.0521
2.0527
2.0534
2.054
2.0547
2.0554
2.0561
2.0567
2.0574
2.0581
2.0587
2.0594
2.0601
2.0607
2.0617
2.0624
2.0631
2.0641
2.0647
2.0654
2.0661
2.0667
2.0677
2.0684
2.0691
2.0697
2.0704
2.0714
2.0721
2.0727
2.0734
2.0741
2.075
2.0757
2.0764
2.0771
2.078
2.0787
2.0794
2.0801
2.0807
2.0814
2.0824
2.083
2.0837
2.0844
2.0854
2.086
2.0867
2.0874
2.0881
2.0887
2.0897
2.0904
2.091
2.0917
2.0924
2.0934
2.094
2.0947
2.0954
2.0961
2.0967
2.0977
2.0984
2.0994
2.1001
2.1007
2.1014
2.102
2.1027
2.1037
2.1044
2.1051
2.1057
2.1064
2.1074
2.1081
2.1087
2.1094
2.11
2.1107
2.1117
2.1127
2.1134
2.1144
2.115
2.1157
2.1167
2.1174
2.118
2.1191
2.1197
2.1204
2.1211
2.122
2.1227
2.1234
2.1244
2.1251
2.1257
2.1264
2.1271
2.1281
2.1287
2.1294
2.13
2.131
2.1317
2.1327
2.1334
2.134
2.1347
2.1357
2.1364
2.1374
2.138
2.1387
2.1397
2.1404
2.1414
2.142
2.1431
2.1437
2.1447
2.1454
2.1464
2.1474
2.1481
2.1491
2.1497
2.1504
2.1511
2.1521
2.1527
2.1537
2.1544
2.155
2.1557
2.1567
2.1574
2.158
2.1591
2.1597
2.1607
2.1614
2.1621
2.163
2.1641
2.1647
2.1657
2.1664
2.1671
2.168
2.1687
2.1697
2.1704
2.1714
2.1724
2.1731
2.1741
2.1751
2.176
2.1767
2.1774
2.1784
2.179
2.1797
2.1807
2.1814
2.1824
2.1834
2.184
2.1851
2.1857
2.1864
2.1874
2.1884
2.1894
2.1901
2.1911
2.192
2.1927
2.1937
2.1947
2.1954
2.1964
2.1974
2.1981
2.1991
2.1997
2.2007
2.2014
2.2021
2.203
2.2037
2.2047
2.2054
2.2064
2.2071
2.208
2.2091
2.2097
2.2104
2.2114
2.2124
2.2131
2.2141
2.2147
2.2157
2.2167
2.2177
2.2187
2.2194
2.2204
2.2214
2.2224
2.223
2.224
2.2251
2.2257
2.2267
2.2277
2.2287
2.2297
2.2307
2.2314
2.232
2.2331
2.2341
2.235
2.2357
2.2364
2.2374
2.2384
2.2394
2.24
2.2411
2.2421
2.2427
2.2437
2.2447
2.2457
2.2464
2.247
2.248
2.2491
2.2501
2.2507
2.2517
2.2527
2.2534
2.2544
2.2554
2.2567
2.2574
2.2584
2.2594
2.2604
2.2611
2.2621
2.263
2.264
2.2647
2.2657
2.2667
2.2674
2.2684
2.2694
2.2701
2.271
2.2724
2.2731
2.2744
2.275
2.2764
2.2774
2.2781
2.279
2.2797
2.2807
2.2817
2.283
2.2841
2.2851
2.2861
2.2867
2.2877
2.2891
2.2901
2.291
2.2921
2.293
2.2941
2.2951
2.296
2.2974
2.2984
2.2994
2.3004
2.3014
2.3027
2.3037
2.3051
2.3061
2.3074
2.3084
2.3094
2.3104
2.3114
2.3124
2.3137
2.3147
2.3157
2.317
2.3181
2.3191
2.3204
2.3214
2.3227
2.3241
2.325
2.3261
2.3271
2.328
2.3294
2.3304
2.3314
2.3327
2.3337
2.3347
2.336
2.3371
2.3384
2.3394
2.3407
2.3417
2.3427
2.344
2.3451
2.3461
2.3474
2.3487
2.3497
2.3511
2.3524
2.3537
2.3547
2.356
2.3574
2.3587
2.3597
2.3611
2.3624
2.3634
2.3644
2.3657
2.3667
2.368
2.3691
2.3701
2.3714
2.3724
2.3734
2.3747
2.376
2.3777
2.3787
2.38
2.381
2.3821
2.3834
2.3844
2.3857
2.3871
2.3884
2.3897
2.3911
2.392
2.3934
2.3947
2.3957
2.3967
2.3984
2.3997
2.4011
2.4021
2.4037
2.405
2.4064
2.4077
2.4091
2.4101
2.4117
2.413
2.4141
2.4157
2.4174
2.4187
2.4197
2.421
2.4224
2.4237
2.4251
2.4264
2.4281
2.4294
2.4311
2.4321
2.4337
2.4347
2.4361
2.4377
2.4391
2.4407
2.4417
2.4431
2.4447
2.4461
2.4474
2.4491
2.4504
2.4517
2.453
2.4544
2.4561
2.4574
2.4587
2.4604
2.4617
2.4634
2.465
2.4664
2.4681
2.4694
2.4707
2.4721
2.4734
2.4751
2.4767
2.4781
2.4797
2.4814
2.4831
2.4847
2.4861
2.4877
2.4894
2.4907
2.4921
2.4944
2.4957
2.497
2.4987
2.5004
2.5021
2.5037
2.505
2.5067
2.5084
2.5101
2.5117
2.5137
2.5154
2.5174
2.5187
2.5207
2.522
2.5237
2.5257
2.5274
2.529
2.5311
2.533
2.5354
2.537
2.5391
2.541
2.5427
2.5444
2.5464
2.5484
2.5501
2.5517
2.5537
2.5557
2.5574
2.559
2.5611
2.5631
2.5651
2.567
2.5687
2.5707
2.5731
2.575
2.5774
2.5791
2.5814
2.5834
2.5854
2.5877
2.59
2.5921
2.5944
2.5967
2.5987
2.6014
2.6037
2.606
2.6084
2.6107
2.6134
2.6161
2.6184
2.6207
2.623
2.6251
2.6277
2.63
2.6321
2.6347
2.6374
2.6394
2.642
2.6447
2.647
2.6497
2.6521
2.6554
2.658
2.6614
2.6637
2.6667
2.6697
2.6731
2.6761
2.6787
2.6814
2.684
2.687
2.6904
2.6937
2.6977
2.7011
2.7044
2.7077
2.7114
2.715
2.7177
2.7217
2.7247
2.7277
2.7317
2.735
2.7391
2.743
2.7467
2.7507
2.7541
2.7584
2.7621
2.7667
2.7717
2.7767
2.7804
2.7854
2.79
2.795
2.7994
2.8047
2.8104
2.8154
2.8207
2.8267
2.8327
2.8384
2.8451
2.8514
2.8574
2.8644
2.8714
2.8784
2.8867
2.8951
2.9024
2.9117
2.921
2.9294
2.9387
2.9507
2.9641
2.9767
2.9884
2.9991
3.0137
3.0277
3.0501
3.0727
3.0967
3.1267
3.1714
3.2284
3.3327
